id,timestamp,team1Name,team2Name,score,referees,linesmen,coachTeam1,coachTeam2,shotsPeriod1Team1,shotsPeriod1Team2,shotsPeriod2Team1,shotsPeriod2Team2,shotsPeriod3Team1,shotsPeriod3Team2,shotsOnGoalPeriod1Team1,shotsOnGoalPeriod1Team2,shotsOnGoalPeriod2Team1,shotsOnGoalPeriod2Team2,shotsOnGoalPeriod3Team1,shotsOnGoalPeriod3Team2,shotsOnGoalOvertimeTeam1,shotsOnGoalOvertimeTeam2,blockedShotsPeriod1Team1,blockedShotsPeriod1Team2,blockedShotsPeriod2Team1,blockedShotsPeriod2Team2,blockedShotsPeriod3Team1,blockedShotsPeriod3Team2,hitsPeriod1Team1,hitsPeriod1Team2,hitsPeriod2Team1,hitsPeriod2Team2,hitsPeriod3Team1,hitsPeriod3Team2,faceoffsWonPeriod1Team1,faceoffsWonPeriod1Team2,faceoffsWonPeriod2Team1,faceoffsWonPeriod2Team2,faceoffsWonPeriod3Team1,faceoffsWonPeriod3Team2,powerplayTimesTeam1,powerplayTimesTeam2,powerplayScoredTimesTeam1,powerplayScoredTimesTeam2,penaltykillTimesTeam1,penaltykillTimesTeam2,penaltykillAgainstTimesTeam1,penaltykillAgainstTimesTeam2,scored5vs5Team1,scored5vs5Team2,against5vs5Team1,against5vs5Team2,url
26,28.08.2015,Динамо Мск,Металлург Нк,1:1 1:1 2:1,"Главные судьи: Денис Бондарь, Виктор Гашилов","Линейные судьи: Дмитрий Голяк, Иван Дедюля",Тренер: Харийс Витолиньш,Тренер: Николай Соловьёв,24.0,14.0,15.0,20.0,26.0,15.0,11,5,11,14,17,9,0.0,0.0,7,5,8,2,6,2,5,8,3,4,1,2,12.0,10.0,14.0,12.0,9.0,9.0,6,4,2,1,4,6,1,2,2,2,2,2,http://www.khl.ru/game/309/45926/protocol/
31,29.08.2015,СКА,Торпедо,1:2 0:0 0:1,"Главные судьи: Роман Гофман, Алексей Раводин","Линейные судьи: Эдуард Метальников, Александр Сироткин",Тренер: Андрей Назаров,Тренер: Петерис Скудра,12.0,20.0,17.0,12.0,18.0,10.0,8,12,11,8,11,9,0.0,0.0,5,1,1,2,0,2,4,4,5,2,3,1,6.0,17.0,4.0,16.0,8.0,9.0,5,7,1,1,7,5,1,1,2,0,0,2,http://www.khl.ru/game/309/45928/protocol/
29,29.08.2015,Йокерит,ЦСКА,0:0 2:0 1:0,"Главные судьи: Алексей Анисимов, Константин Оленин","Линейные судьи: Глеб Лазарев, Александр Нестеров",Тренер: Эркка Вестерлунд,Тренер: Дмитрий Квартальнов,17.0,18.0,9.0,26.0,12.0,25.0,7,9,6,14,8,13,0.0,0.0,2,1,2,0,2,1,7,7,4,7,4,9,14.0,8.0,11.0,10.0,14.0,11.0,7,5,2,0,5,7,0,2,1,0,0,1,http://www.khl.ru/game/309/45929/protocol/
27,28.08.2015,Слован,Амур,0:0 0:0 0:1,"Главные судьи: Владимир Букин, Андрей Рогачёв","Линейные судьи: Алексей Майтак, Евгений Пронских",Тренер: Милош Ржига,Тренер: Сергей Шепелев,28.0,7.0,16.0,10.0,15.0,15.0,22,3,12,4,5,7,0.0,0.0,2,6,6,3,5,3,5,3,3,3,3,1,12.0,7.0,11.0,9.0,10.0,8.0,5,3,1,0,3,5,0,1,0,0,0,0,http://www.khl.ru/game/309/45925/protocol/
30,29.08.2015,Локомотив,Ак Барс,0:0 1:1 2:0,"Главные судьи: Вячеслав Буланов, Михаил Бутурлин","Линейные судьи: Андрей Матюша, Иван Сазонов",Тренер: Алексей Кудашов,Тренер: Зинэтула Билялетдинов,20.0,12.0,10.0,24.0,23.0,18.0,11,10,5,15,15,6,0.0,0.0,1,5,7,4,6,6,6,8,7,10,2,6,8.0,6.0,8.0,12.0,11.0,8.0,3,6,1,0,6,3,0,1,2,1,1,2,http://www.khl.ru/game/309/45930/protocol/
28,28.08.2015,Медвешчак,Адмирал,1:0 1:1 1:0,"Главные судьи: Владислав Киселёв, Яков Деев","Линейные судьи: Константин Горденко, Виктор Томилов",Тренер: Горди Дуайер,Тренер: Александр Андриевский,27.0,14.0,21.0,12.0,13.0,23.0,14,7,14,6,9,12,0.0,0.0,1,5,3,4,3,3,6,5,4,8,2,4,13.0,8.0,17.0,10.0,11.0,11.0,4,5,1,0,5,4,0,1,3,0,0,3,http://www.khl.ru/game/309/45927/protocol/
25,28.08.2015,Витязь,Сибирь,0:5 1:0 0:0,"Главные судьи: Евгений Гамалей, Александр Сергеев","Линейные судьи: Пётр Алёшин, Юрий Иванов",Тренер: Олег Ореховский,Тренер: Андрей Скабелка,14.0,27.0,25.0,20.0,14.0,16.0,6,17,13,12,7,5,0.0,0.0,3,4,4,7,3,1,7,3,6,1,2,1,11.0,11.0,12.0,7.0,10.0,9.0,6,2,1,0,2,6,0,1,4,1,1,4,http://www.khl.ru/game/309/45924/protocol/
24,28.08.2015,Нефтехимик,Автомобилист,1:0 0:2 0:0,"Главные судьи: Эдуард Одиньш, Рафаэль Кадыров","Линейные судьи: Дмитрий Парфёнов, Роман Шиханов",Тренер: Владимир Крикунов,Тренер: Андрей Разин,22.0,19.0,12.0,22.0,23.0,10.0,8,11,2,15,6,3,0.0,0.0,3,7,5,7,3,10,12,7,8,1,5,1,14.0,6.0,17.0,8.0,7.0,7.0,1,2,0,0,2,1,0,0,2,1,1,2,http://www.khl.ru/game/309/45923/protocol/
18,27.08.2015,Локомотив,Лада,1:0 1:0 0:0,"Главные судьи: Денис Бондарь, Ильдар Сафиуллов","Линейные судьи: Пётр Алёшин, Юрий Иванов",Тренер: Алексей Кудашов,Тренер: Сергей Светлов,21.0,8.0,29.0,5.0,18.0,12.0,12,8,15,2,7,6,0.0,0.0,0,4,2,9,3,3,9,6,4,8,8,6,8.0,8.0,12.0,6.0,7.0,5.0,2,2,0,0,2,2,0,0,2,0,0,2,http://www.khl.ru/game/309/45918/protocol/
23,28.08.2015,Трактор,Югра,0:2 3:1 0:2,"Главные судьи: Антон Лаврентьев, Роман Щенёв","Линейные судьи: Дмитрий Головлёв, Сергей Мисюрь",Тренер: Андрей Николишин,Тренер: Павел Езовских,16.0,14.0,32.0,8.0,14.0,18.0,7,10,21,3,10,12,0.0,0.0,3,6,1,9,1,1,1,3,4,3,5,2,9.0,8.0,13.0,14.0,7.0,6.0,3,3,1,1,3,3,1,1,4,2,2,4,http://www.khl.ru/game/309/45922/protocol/
32,29.08.2015,Спартак,Лада,0:1 1:1 0:1,"Главные судьи: Сергей Беляев, Юрий Цыплаков","Линейные судьи: Иван Дедюля, Дмитрий Голяк",Тренер: Герман Титов,Тренер: Сергей Светлов,28.0,12.0,28.0,17.0,29.0,12.0,13,10,14,13,18,5,0.0,0.0,1,2,1,5,1,6,8,9,8,5,1,6,17.0,7.0,13.0,6.0,9.0,13.0,4,6,0,0,6,4,0,0,3,1,1,3,http://www.khl.ru/game/309/45931/protocol/
21,27.08.2015,ЦСКА,Спартак,2:1 2:0 1:1,"Главные судьи: Алексей Анисимов, Роман Гофман","Линейные судьи: Александр Захаренков, Александр Садовников",Тренер: Дмитрий Квартальнов,Тренер: Герман Титов,21.0,11.0,16.0,12.0,27.0,11.0,12,5,10,5,13,7,0.0,0.0,3,2,3,3,3,3,4,5,5,3,5,5,6.0,8.0,9.0,10.0,11.0,11.0,8,3,3,1,3,8,1,3,2,1,1,2,http://www.khl.ru/game/309/45919/protocol/
20,27.08.2015,ХК Сочи,Ак Барс,0:0 0:1 0:0,"Главные судьи: Павел Комаров, Сергей Беляев","Линейные судьи: Алексей Михель, Евгений Стрельцов",Тренер: Вячеслав Буцаев,Тренер: Зинэтула Билялетдинов,25.0,7.0,22.0,9.0,20.0,12.0,12,5,12,6,9,8,0.0,0.0,2,7,1,8,1,6,9,5,3,6,4,7,11.0,13.0,7.0,10.0,6.0,10.0,3,7,0,0,7,3,0,0,1,0,0,1,http://www.khl.ru/game/309/45917/protocol/
22,27.08.2015,Динамо Р,Северсталь,1:1 0:0 1:1 0:1,"Главные судьи: Сергей Кулаков, Юрий Оскирко","Линейные судьи: Степан Коршак, Александр Чернышёв",Тренер: Кари Хейккиля,Тренер: Вацлав Сикора,20.0,17.0,15.0,18.0,17.0,12.0,9,10,10,9,10,5,1,4,5,3,6,1,0,1,3,3,7,4,2,2,6.0,6.0,8.0,7.0,11.0,5.0,3,3,1,0,3,3,0,1,2,1,1,2,http://www.khl.ru/game/309/45921/protocol/
19,27.08.2015,СКА,Динамо Мн,1:0 0:1 1:0,"Главные судьи: Сергей Гусев, Александр Сергеев","Линейные судьи: Глеб Лазарев, Александр Сысуев",Тренер: Андрей Назаров,Тренер: Любомир Покович,26.0,18.0,14.0,31.0,24.0,10.0,16,7,10,17,14,4,0.0,0.0,7,5,6,5,3,2,10,4,6,4,3,2,10.0,10.0,8.0,14.0,12.0,10.0,5,2,1,0,2,5,0,1,1,1,1,1,http://www.khl.ru/game/309/45920/protocol/
836,18.02.2016,Йокерит,Спартак,0:2 1:1 1:1,"Главные судьи: Алексей Анисимов, Андрис Ансонс","Линейные судьи: Глеб Лазарев, Александр Сысуев",Тренер: Эркка Вестерлунд,Тренер: Герман Титов,15,17,15,12,16,20,8,10,9,5,9,9,0.0,0.0,3,2,5,2,2,1,5,9,2,1,2,1,11,11,12,5,8,10,4,2,1,0,2,4,0,1,4,1,1,4,http://www.khl.ru/game/309/46737/protocol/
834,18.02.2016,Ак Барс,Лада,2:0 0:1 1:0,"Главные судьи: Сергей Беляев, Михаил Бутурлин","Линейные судьи: Пётр Алёшин, Юрий Иванов",Тренер: Зинэтула Билялетдинов,Тренер: Артис Аболс,19.0,12.0,19.0,10.0,19.0,15.0,9,2,10,7,11,8,0.0,0.0,7,4,3,4,3,2,8,7,5,3,2,4,7.0,9.0,10.0,9.0,8.0,7.0,3,1,2,0,1,3,0,2,1,1,1,1,http://www.khl.ru/game/309/46733/protocol/
840,18.02.2016,Динамо Р,СКА,2:0 1:1 1:1,"Главные судьи: Александр Соин, Виктор Гашилов","Линейные судьи: Дмитрий Головлёв, Дмитрий Голяк",Тренер: Нормундс Сейейс,Тренер: Сергей Зубов,17.0,20.0,18.0,34.0,5.0,33.0,9,11,6,19,5,15,0.0,0.0,3,3,8,8,7,0,5,6,7,9,6,4,12.0,11.0,18.0,9.0,9.0,13.0,2,5,2,1,5,2,1,2,1,1,1,1,http://www.khl.ru/game/309/46739/protocol/
356,27.10.2015,Йокерит,Автомобилист,1:1 1:0 2:0,"Главные судьи: Юрий Цыплаков, Сергей Кулаков","Линейные судьи: Юрий Иванов, Пётр Алёшин",Тренер: Эркка Вестерлунд,Тренер: Андрей Разин,18.0,21.0,15.0,11.0,20.0,14.0,11,11,7,4,7,5,0.0,0.0,4,3,2,3,3,5,3,2,3,5,6,4,12.0,8.0,8.0,4.0,11.0,2.0,3,6,1,0,6,3,0,1,3,1,1,3,http://www.khl.ru/game/309/46255/protocol/
835,18.02.2016,Динамо Мн,Торпедо,0:1 1:0 1:1 0:0 1:0,"Главные судьи: Антти Боман, Алексей Раводин","Линейные судьи: Эдуард Метальников, Александр Сироткин",Тренер: Андрей Ковалёв,Тренер: Петерис Скудра,21.0,17.0,15.0,16.0,20.0,6.0,14,11,7,4,10,3,3,3,2,1,3,3,2,1,2,1,1,4,4,1,14.0,9.0,9.0,8.0,8.0,6.0,3,5,1,1,5,3,1,1,1,1,1,1,http://www.khl.ru/game/309/46734/protocol/
838,18.02.2016,ХК Сочи,Медвешчак,0:1 4:1 2:2,"Главные судьи: Алексей Васильев, Денис Наумов","Линейные судьи: Яков Палей, Александр Отмахов",Тренер: Вячеслав Буцаев,Тренер: Горди Дуайер,18.0,21.0,32.0,21.0,23.0,16.0,12,15,21,13,9,9,0.0,0.0,2,1,4,5,1,6,1,8,5,1,4,3,9.0,11.0,12.0,10.0,7.0,11.0,3,5,1,1,5,3,1,1,4,3,3,4,http://www.khl.ru/game/309/46738/protocol/
837,18.02.2016,Локомотив,Слован,1:0 2:1 2:0,"Главные судьи: Вячеслав Буланов, Рафаэль Кадыров","Линейные судьи: Иван Назаров, Иван Сазонов",Тренер: Алексей Кудашов,Тренер: Милош Ржига,18.0,12.0,15.0,22.0,16.0,17.0,10,6,10,12,10,12,0.0,0.0,2,5,5,2,1,0,3,2,8,5,5,6,12.0,9.0,8.0,6.0,15.0,9.0,4,4,1,0,4,4,0,1,4,0,0,4,http://www.khl.ru/game/309/46735/protocol/
839,18.02.2016,ЦСКА,Динамо Мск,1:1 0:1 0:1,"Главные судьи: Роман Гофман, Антонин Йерабек","Линейные судьи: Дмитрий Сивов, Сергей Шелянин",Тренер: Дмитрий Квартальнов,Тренер: Сергей Орешкин,15.0,17.0,27.0,13.0,25.0,20.0,9,11,13,5,12,15,0.0,0.0,4,1,5,5,2,8,4,3,16,5,4,4,9.0,9.0,6.0,14.0,13.0,8.0,6,4,2,0,4,6,0,2,1,1,1,1,http://www.khl.ru/game/309/46736/protocol/
826,16.02.2016,Динамо Р,Динамо Мск,0:0 1:0 0:0,"Главные судьи: Виктор Гашилов, Антти Боман","Линейные судьи: Дмитрий Головлёв, Дмитрий Голяк",Тренер: Нормундс Сейейс,Тренер: Сергей Орешкин,16.0,22.0,13.0,18.0,18.0,11.0,7,11,3,10,7,4,0.0,0.0,6,4,3,4,3,1,8,3,8,4,3,2,4.0,5.0,10.0,11.0,11.0,7.0,2,1,0,0,1,2,0,0,1,0,0,1,http://www.khl.ru/game/309/46725/protocol/
829,18.02.2016,Автомобилист,Металлург Мг,2:0 0:0 0:2 0:0 0:1,"Главные судьи: Анатолий Захаров, Константин Оленин","Линейные судьи: Алексей Михель, Евгений Стрельцов",Тренер: Андрей Разин,Тренер: Илья Воробьёв,15.0,12.0,10.0,23.0,9.0,19.0,8,5,6,12,3,9,3,2,3,2,5,1,3,2,2,8,2,6,0,5,4.0,12.0,6.0,10.0,10.0,11.0,3,5,1,0,5,3,0,1,1,2,2,1,http://www.khl.ru/game/309/46727/protocol/
828,18.02.2016,Авангард,Барыс,2:1 0:1 0:0 0:0 0:1,"Главные судьи: Александр Сергеев, Роман Щенёв","Линейные судьи: Константин Горденко, Виктор Томилов",Тренер: Евгений Корноухов,Тренер: Андрей Назаров,22.0,24.0,14.0,23.0,22.0,20.0,7,15,7,7,12,10,3,3,5,5,6,4,5,2,4,6,1,0,5,0,8.0,14.0,16.0,6.0,15.0,8.0,2,4,1,1,4,2,1,1,1,1,1,1,http://www.khl.ru/game/309/46729/protocol/
830,18.02.2016,Сибирь,Металлург Нк,1:0 0:0 2:0,"Главные судьи: Сергей Гусев, Артур Кулёв","Линейные судьи: Андрей Матюша, Сергей Мисюрь",Тренер: Андрей Скабелка,Тренер: Николай Соловьёв,24.0,20.0,8.0,28.0,21.0,9.0,14,11,6,11,7,5,0.0,0.0,5,2,7,2,1,7,4,6,5,2,1,5,12.0,7.0,10.0,8.0,12.0,9.0,8,9,1,0,9,8,0,1,2,0,0,2,http://www.khl.ru/game/309/46728/protocol/
833,18.02.2016,Северсталь,Витязь,0:0 2:2 0:2,"Главные судьи: Сергей Кулаков, Максим Сидоренко","Линейные судьи: Степан Коршак, Александр Чернышёв",Тренер: Дмитрий Юшкевич,Тренер: Равиль Якубов,13.0,8.0,25.0,14.0,27.0,8.0,5,4,17,7,18,6,0.0,0.0,3,1,3,3,1,5,2,3,2,4,3,2,10.0,9.0,13.0,8.0,12.0,8.0,3,1,1,0,1,3,0,1,3,1,1,3,http://www.khl.ru/game/309/46731/protocol/
831,18.02.2016,Югра,Трактор,0:1 2:2 2:4,"Главные судьи: Владислав Киселёв, Павел Комаров","Линейные судьи: Александр Нестеров, Дмитрий Парфёнов",Тренер: Павел Езовских,Тренер: Анвар Гатиятулин,24.0,13.0,19.0,21.0,29.0,8.0,15,9,9,14,16,6,0.0,0.0,1,3,3,3,1,5,3,3,3,1,2,4,9.0,10.0,12.0,5.0,17.0,7.0,1,5,1,0,5,1,0,1,6,4,4,6,http://www.khl.ru/game/309/46730/protocol/
832,18.02.2016,Нефтехимик,Салават Юлаев,2:2 0:0 0:2,"Главные судьи: Денис Бондарь, Юрий Цыплаков","Линейные судьи: Никита Новиков, Александр Садовников",Тренер: Евгений Попихин,Тренер: Игорь Захаркин,14.0,21.0,19.0,22.0,33.0,14.0,11,10,12,14,18,10,0.0,0.0,5,3,5,4,2,3,5,4,2,6,7,1,8.0,9.0,8.0,13.0,11.0,12.0,5,8,1,1,8,5,1,1,2,1,1,2,http://www.khl.ru/game/309/46732/protocol/
827,18.02.2016,Адмирал,Амур,2:0 0:1 1:0,"Главные судьи: Владимир Букин, Евгений Гамалей","Линейные судьи: Алексей Майтак, Евгений Пронских",Тренер: Александр Андриевский,Тренер: Андрей Николишин,21.0,16.0,14.0,17.0,19.0,18.0,16,9,7,12,7,10,0.0,0.0,4,5,4,4,3,3,7,1,2,4,7,2,9.0,7.0,7.0,17.0,12.0,12.0,5,4,1,0,4,5,0,1,2,1,1,2,http://www.khl.ru/game/309/46726/protocol/
819,16.02.2016,Ак Барс,Барыс,3:0 2:2 0:0,"Главные судьи: Вячеслав Буланов, Алексей Белов","Линейные судьи: Евгений Стрельцов, Алексей Михель",Тренер: Зинэтула Билялетдинов,Тренер: Андрей Назаров,22.0,20.0,23.0,25.0,11.0,18.0,12,13,15,16,7,9,0.0,0.0,2,4,5,3,5,2,4,3,1,6,3,2,8.0,13.0,14.0,9.0,10.0,10.0,3,3,1,0,3,3,0,1,4,1,1,4,http://www.khl.ru/game/309/46724/protocol/
822,16.02.2016,Локомотив,Медвешчак,2:1 0:0 2:1,"Главные судьи: Михаил Бутурлин, Александр Сергеев","Линейные судьи: Александр Садовников, Александр Чернышёв",Тренер: Алексей Кудашов,Тренер: Горди Дуайер,12.0,11.0,22.0,14.0,17.0,20.0,8,4,13,6,8,10,0.0,0.0,5,1,4,7,7,4,7,9,3,7,3,1,6.0,7.0,7.0,11.0,12.0,9.0,6,4,0,0,4,6,0,0,4,2,2,4,http://www.khl.ru/game/309/46719/protocol/
823,16.02.2016,Торпедо,Северсталь,0:2 2:1 2:1 0:1,"Главные судьи: Яков Деев, Артур Кулёв","Линейные судьи: Пётр Алёшин, Юрий Иванов",Тренер: Петерис Скудра,Тренер: Дмитрий Юшкевич,11.0,21.0,20.0,16.0,15.0,11.0,6,15,14,10,7,5,1,2,2,0,2,3,1,2,4,2,0,3,2,0,12.0,9.0,11.0,14.0,7.0,4.0,5,4,2,1,4,5,1,2,3,3,3,3,http://www.khl.ru/game/309/46722/protocol/
821,16.02.2016,Йокерит,СКА,2:0 0:1 1:0,"Главные судьи: Андрис Ансонс, Алексей Анисимов","Линейные судьи: Александр Сысуев, Глеб Лазарев",Тренер: Эркка Вестерлунд,Тренер: Сергей Зубов,16.0,15.0,12.0,13.0,17.0,17.0,10,9,6,5,10,11,0.0,0.0,5,3,1,2,2,0,6,4,5,4,6,2,6.0,9.0,10.0,7.0,7.0,14.0,5,2,0,0,2,5,0,0,3,1,1,3,http://www.khl.ru/game/309/46721/protocol/
820,16.02.2016,Динамо Мн,Спартак,2:3 0:2 0:0,"Главные судьи: Анатолий Захаров, Рафаэль Кадыров","Линейные судьи: Иван Назаров, Иван Сазонов",Тренер: Андрей Ковалёв,Тренер: Герман Титов,11.0,19.0,21.0,14.0,19.0,8.0,7,13,14,10,10,4,0.0,0.0,1,0,1,2,1,2,3,3,2,3,3,3,10.0,14.0,7.0,13.0,8.0,5.0,0,0,0,0,0,0,0,0,5,2,2,5,http://www.khl.ru/game/309/46718/protocol/
818,16.02.2016,Лада,Нефтехимик,2:2 0:2 1:2,"Главные судьи: Юрий Оскирко, Максим Сидоренко","Линейные судьи: Сергей Шелянин, Роман Шиханов",Тренер: Артис Аболс,Тренер: Евгений Попихин,25.0,18.0,20.0,12.0,14.0,16.0,12,9,9,7,7,13,0.0,0.0,3,3,1,6,1,3,3,2,5,6,5,1,13.0,14.0,9.0,14.0,10.0,18.0,3,3,1,0,3,3,0,1,5,3,3,5,http://www.khl.ru/game/309/46717/protocol/
824,16.02.2016,ХК Сочи,Слован,0:1 4:0 1:1,"Главные судьи: Владислав Киселёв, Константин Оленин","Линейные судьи: Яков Палей, Александр Отмахов",Тренер: Вячеслав Буцаев,Тренер: Милош Ржига,26.0,15.0,12.0,26.0,18.0,20.0,16,9,9,18,9,17,0.0,0.0,1,7,3,1,2,3,2,2,7,1,2,1,10.0,9.0,16.0,8.0,13.0,13.0,5,6,2,2,6,5,2,2,2,0,0,2,http://www.khl.ru/game/309/46723/protocol/
825,16.02.2016,ЦСКА,Витязь,1:1 0:2 1:1,"Главные судьи: Алексей Раводин, Александр Соин","Линейные судьи: Торнике Кучава, Никита Новиков",Тренер: Дмитрий Квартальнов,Тренер: Равиль Якубов,20.0,15.0,19.0,11.0,34.0,3.0,6,11,9,7,18,2,0.0,0.0,2,5,2,3,0,7,7,14,12,4,4,8,11.0,10.0,16.0,10.0,9.0,9.0,3,6,1,1,6,3,1,1,3,1,1,3,http://www.khl.ru/game/309/46720/protocol/
813,16.02.2016,Амур,Адмирал,1:0 1:0 1:1,"Главные судьи: Сергей Гусев, Павел Комаров","Линейные судьи: Алексей Майтак, Евгений Пронских",Тренер: Андрей Николишин,Тренер: Александр Андриевский,4.0,33.0,19.0,23.0,24.0,17.0,4,20,12,17,13,9,0.0,0.0,6,0,4,2,5,7,11,5,6,9,5,6,9.0,12.0,15.0,14.0,11.0,12.0,5,5,2,0,5,5,0,2,1,1,1,1,http://www.khl.ru/game/309/46712/protocol/
812,08.02.2016,Слован,Динамо Р,0:0 2:0 0:2 1:0,"Главные судьи: Роман Щенёв, Владимир Букин","Линейные судьи: Дмитрий Голяк, Алексей Медведев",Тренер: Милош Ржига,Тренер: Нормундс Сейейс,20.0,19.0,26.0,6.0,8.0,16.0,13,12,15,3,4,10,7,1,3,5,2,9,3,2,4,5,1,6,3,4,8.0,12.0,12.0,8.0,13.0,11.0,5,4,1,0,4,5,0,1,2,1,1,2,http://www.khl.ru/game/309/46711/protocol/
815,16.02.2016,Автомобилист,Югра,2:0 1:0 0:0,"Главные судьи: Сергей Беляев, Алексей Васильев","Линейные судьи: Константин Горденко, Виктор Томилов",Тренер: Андрей Разин,Тренер: Павел Езовских,11.0,18.0,16.0,13.0,7.0,16.0,7,7,10,7,7,9,0.0,0.0,4,1,2,2,4,0,2,2,2,2,4,3,12.0,7.0,12.0,5.0,10.0,9.0,3,4,1,0,4,3,0,1,2,0,0,2,http://www.khl.ru/game/309/46713/protocol/
817,16.02.2016,Салават Юлаев,Металлург Нк,2:1 1:1 0:2,"Главные судьи: Евгений Гамалей, Сергей Кулаков","Линейные судьи: Дмитрий Сивов, Дмитрий Парфёнов",Тренер: Игорь Захаркин,Тренер: Николай Соловьёв,18.0,19.0,29.0,15.0,16.0,13.0,11,5,11,11,9,9,0.0,0.0,7,4,2,10,1,0,3,6,2,4,3,4,11.0,13.0,4.0,10.0,17.0,8.0,10,6,2,1,6,10,1,2,3,1,1,3,http://www.khl.ru/game/309/46716/protocol/
814,16.02.2016,Авангард,Сибирь,0:0 0:0 2:2 0:0 0:1,"Главные судьи: Антонин Йерабек, Денис Бондарь","Линейные судьи: Андрей Матюша, Сергей Мисюрь",Тренер: Евгений Корноухов,Тренер: Андрей Скабелка,16.0,7.0,15.0,28.0,12.0,19.0,11,4,8,12,7,14,2,3,1,3,4,3,2,0,9,3,4,1,3,2,18.0,8.0,9.0,9.0,8.0,15.0,4,3,0,0,3,4,0,0,2,2,2,2,http://www.khl.ru/game/309/46714/protocol/
810,05.02.2016,Динамо Р,Барыс,1:1 1:1 0:1,"Главные судьи: Роман Гофман, Денис Наумов","Линейные судьи: Александр Захаренков, Александр Садовников",Тренер: Нормундс Сейейс,Тренер: Андрей Назаров,12.0,22.0,32.0,22.0,18.0,26.0,8,12,12,14,6,12,0.0,0.0,7,3,3,10,7,2,8,2,7,4,7,2,8.0,10.0,13.0,9.0,1.0,15.0,6,3,2,0,3,6,0,2,1,1,1,1,http://www.khl.ru/game/309/46709/protocol/
816,16.02.2016,Металлург Мг,Трактор,0:1 0:0 0:0,"Главные судьи: Юрий Цыплаков, Роман Щенёв","Линейные судьи: Эдуард Метальников, Александр Сироткин",Тренер: Илья Воробьёв,Тренер: Анвар Гатиятулин,10.0,18.0,23.0,15.0,29.0,9.0,6,12,9,11,16,6,0.0,0.0,3,1,2,7,2,5,6,4,5,2,2,4,11.0,7.0,13.0,9.0,14.0,6.0,3,4,0,0,4,3,0,0,1,0,0,1,http://www.khl.ru/game/309/46715/protocol/
811,07.02.2016,Динамо Мн,Йокерит,0:0 1:1 1:1 0:0 1:0,"Главные судьи: Константин Оленин, Юрий Оскирко","Линейные судьи: Александр Захаренков, Александр Садовников",Тренер: Андрей Ковалёв,Тренер: Эркка Вестерлунд,10.0,15.0,16.0,17.0,20.0,20.0,4,8,8,10,9,14,2,3,4,3,2,4,2,4,2,3,4,4,1,3,7.0,7.0,9.0,14.0,5.0,12.0,5,7,2,2,7,5,2,2,0,0,0,0,http://www.khl.ru/game/309/46710/protocol/
807,05.02.2016,СКА,Югра,1:0 4:1 2:1,"Главные судьи: Михаил Бутурлин, Павел Комаров","Линейные судьи: Эдуард Метальников, Александр Сироткин",Тренер: Сергей Зубов,Тренер: Павел Езовских,18.0,24.0,23.0,6.0,17.0,25.0,14,8,15,4,9,15,0.0,0.0,5,3,1,3,5,1,6,7,4,4,5,8,15.0,5.0,13.0,3.0,15.0,10.0,2,3,1,0,3,2,0,1,7,1,1,7,http://www.khl.ru/game/309/46707/protocol/
805,05.02.2016,Ак Барс,Металлург Нк,1:0 2:0 0:1,"Главные судьи: Евгений Гамалей, Ильдар Сафиуллов","Линейные судьи: Степан Коршак, Александр Чернышёв",Тренер: Зинэтула Билялетдинов,Тренер: Николай Соловьёв,12.0,9.0,16.0,18.0,18.0,21.0,8,6,11,9,10,10,0.0,0.0,2,2,3,2,7,6,3,5,3,4,3,2,7.0,10.0,10.0,8.0,14.0,8.0,3,3,1,0,3,3,0,1,2,0,0,2,http://www.khl.ru/game/309/46708/protocol/
806,05.02.2016,Динамо Мск,Йокерит,2:0 2:2 1:0,"Главные судьи: Вячеслав Буланов, Алексей Раводин","Линейные судьи: Яков Палей, Роман Шиханов",Тренер: Сергей Орешкин,Тренер: Эркка Вестерлунд,16.0,14.0,15.0,32.0,9.0,25.0,9,9,11,22,4,12,0.0,0.0,3,5,6,4,8,4,9,11,4,4,7,3,7.0,14.0,9.0,20.0,4.0,12.0,3,4,2,2,4,3,2,2,3,0,0,3,http://www.khl.ru/game/309/46704/protocol/
809,05.02.2016,ХК Сочи,Авангард,1:1 0:0 0:0 0:0 1:0,"Главные судьи: Алексей Анисимов, Эдуард Одиньш","Линейные судьи: Алексей Медведев, Сергей Шелянин",Тренер: Вячеслав Буцаев,Тренер: Евгений Корноухов,9.0,16.0,16.0,23.0,14.0,16.0,6,8,8,17,9,10,2,3,3,0,3,4,3,3,8,3,5,0,5,1,10.0,7.0,12.0,6.0,9.0,11.0,6,4,0,0,4,6,0,0,1,0,0,1,http://www.khl.ru/game/309/46705/protocol/
808,05.02.2016,Спартак,Автомобилист,2:2 0:2 0:0,"Главные судьи: Алексей Белов, Юрий Цыплаков","Линейные судьи: Пётр Алёшин, Юрий Иванов",Тренер: Герман Титов,Тренер: Андрей Разин,27.0,9.0,15.0,13.0,16.0,8.0,17,7,8,10,6,5,0.0,0.0,4,2,0,3,0,3,2,2,5,0,5,3,9.0,11.0,5.0,7.0,6.0,4.0,6,5,1,0,5,6,0,1,4,1,1,4,http://www.khl.ru/game/309/46706/protocol/
802,05.02.2016,Трактор,Торпедо,1:1 0:1 3:0,"Главные судьи: Владислав Киселёв, Артур Кулёв","Линейные судьи: Константин Горденко, Виктор Томилов",Тренер: Анвар Гатиятулин,Тренер: Петерис Скудра,16.0,11.0,12.0,13.0,18.0,13.0,7,7,7,8,11,5,0.0,0.0,1,6,3,3,7,4,2,3,4,6,1,3,10.0,9.0,8.0,8.0,7.0,10.0,4,6,1,1,6,4,1,1,3,1,1,3,http://www.khl.ru/game/309/46699/protocol/
804,05.02.2016,Нефтехимик,Динамо Мн,0:1 0:1 2:0 1:0,"Главные судьи: Алексей Васильев, Роман Щенёв","Линейные судьи: Алексей Майтак, Евгений Пронских",Тренер: Евгений Попихин,Тренер: Андрей Ковалёв,17.0,25.0,19.0,19.0,29.0,15.0,6,9,9,15,14,9,1,0,6,6,2,6,5,5,5,4,4,6,6,5,3.0,16.0,11.0,17.0,9.0,10.0,1,4,0,0,4,1,0,0,2,2,2,2,http://www.khl.ru/game/309/46703/protocol/
803,05.02.2016,Лада,Сибирь,1:0 0:1 0:0 1:0,"Главные судьи: Яков Деев, Анатолий Захаров","Линейные судьи: Торнике Кучава, Иван Сазонов",Тренер: Артис Аболс,Тренер: Андрей Скабелка,10.0,13.0,22.0,11.0,12.0,13.0,5,3,12,7,7,6,1,0,5,1,3,2,3,1,5,3,4,4,1,5,7.0,3.0,10.0,12.0,11.0,7.0,3,2,1,0,2,3,0,1,1,1,1,1,http://www.khl.ru/game/309/46702/protocol/
795,03.02.2016,Спартак,Югра,0:1 0:0 0:2,"Главные судьи: Евгений Гамалей, Ильдар Сафиуллов","Линейные судьи: Степан Коршак, Александр Чернышёв",Тренер: Герман Титов,Тренер: Павел Езовских,15.0,13.0,12.0,20.0,17.0,18.0,6,9,7,11,10,14,0.0,0.0,3,1,5,2,3,0,1,3,2,3,0,4,8.0,9.0,8.0,10.0,9.0,12.0,4,2,0,0,2,4,0,0,3,0,0,3,http://www.khl.ru/game/309/46695/protocol/
797,03.02.2016,Динамо Р,Йокерит,0:3 0:2 0:2,"Главные судьи: Роман Гофман, Алексей Васильев","Линейные судьи: Александр Захаренков, Александр Садовников",Тренер: Нормундс Сейейс,Тренер: Эркка Вестерлунд,19.0,18.0,20.0,19.0,21.0,13.0,5,13,10,10,7,7,0.0,0.0,1,9,4,5,4,7,7,8,7,3,2,2,5.0,6.0,8.0,10.0,5.0,7.0,4,1,3,0,1,4,0,3,4,0,0,4,http://www.khl.ru/game/309/46696/protocol/
798,04.02.2016,Амур,Слован,1:2 1:0 0:0 0:0 0:1,"Главные судьи: Сергей Беляев, Владимир Букин","Линейные судьи: Сергей Мисюрь, Александр Отмахов",Тренер: Андрей Николишин,Тренер: Милош Ржига,11.0,23.0,20.0,13.0,13.0,15.0,7,11,10,11,8,10,2,3,5,4,1,7,4,3,9,4,6,4,5,6,10.0,8.0,2.0,8.0,10.0,7.0,4,6,1,1,6,4,1,1,1,1,1,1,http://www.khl.ru/game/309/46697/protocol/
796,03.02.2016,ХК Сочи,Барыс,3:1 0:1 3:0,"Главные судьи: Михаил Бутурлин, Анатолий Захаров","Линейные судьи: Алексей Медведев, Сергей Шелянин",Тренер: Вячеслав Буцаев,Тренер: Андрей Назаров,18.0,20.0,38.0,12.0,24.0,18.0,13,15,12,5,17,8,0.0,0.0,3,3,3,13,4,4,6,3,7,3,8,4,14.0,12.0,14.0,6.0,10.0,13.0,4,5,0,0,5,4,0,0,6,2,2,6,http://www.khl.ru/game/309/46694/protocol/
801,05.02.2016,Салават Юлаев,ЦСКА,0:0 1:0 0:0,"Главные судьи: Виктор Гашилов, Константин Оленин","Линейные судьи: Глеб Лазарев, Станислав Раминг",Тренер: Игорь Захаркин,Тренер: Дмитрий Квартальнов,10.0,8.0,21.0,9.0,11.0,23.0,4,4,9,5,4,9,0.0,0.0,4,1,3,6,8,3,11,9,7,4,4,11,12.0,9.0,11.0,13.0,10.0,8.0,7,3,1,0,3,7,0,1,0,0,0,0,http://www.khl.ru/game/309/46701/protocol/
794,03.02.2016,СКА,Автомобилист,0:1 1:0 1:1 0:0 0:1,"Главные судьи: Алексей Анисимов, Антти Боман","Линейные судьи: Алексей Майтак, Евгений Пронских",Тренер: Сергей Зубов,Тренер: Андрей Разин,19.0,13.0,35.0,3.0,22.0,12.0,13,9,20,2,7,8,3,1,2,4,0,8,2,7,6,3,6,1,1,5,10.0,9.0,14.0,8.0,12.0,13.0,3,6,2,0,6,3,0,2,0,2,2,0,http://www.khl.ru/game/309/46691/protocol/
799,04.02.2016,Адмирал,Медвешчак,1:1 2:1 1:2 1:0,"Главные судьи: Сергей Кулаков, Максим Сидоренко","Линейные судьи: Дмитрий Голяк, Александр Нестеров",Тренер: Александр Андриевский,Тренер: Горди Дуайер,24.0,15.0,10.0,21.0,22.0,11.0,14,10,7,12,13,8,4,0,2,6,5,2,0,2,6,6,7,3,3,3,10.0,15.0,12.0,10.0,13.0,16.0,3,5,1,0,5,3,0,1,3,3,3,3,http://www.khl.ru/game/309/46698/protocol/
800,05.02.2016,Металлург Мг,Северсталь,2:1 0:1 2:1,"Главные судьи: Рафаэль Кадыров, Александр Соин","Линейные судьи: Дмитрий Парфёнов, Александр Сысуев",Тренер: Илья Воробьёв,Тренер: Дмитрий Юшкевич,15.0,19.0,15.0,15.0,15.0,21.0,11,14,9,8,10,10,0.0,0.0,4,3,2,2,6,1,3,3,2,2,8,2,9.0,8.0,11.0,9.0,13.0,5.0,4,5,2,0,5,4,0,2,1,3,3,1,http://www.khl.ru/game/309/46700/protocol/
790,03.02.2016,Нефтехимик,Торпедо,0:1 0:2 1:1,"Главные судьи: Алексей Белов, Антонин Йерабек","Линейные судьи: Пётр Алёшин, Юрий Иванов",Тренер: Евгений Попихин,Тренер: Петерис Скудра,24.0,16.0,20.0,25.0,17.0,29.0,9,10,10,11,6,17,0.0,0.0,2,10,3,6,5,3,3,4,9,3,8,1,9.0,13.0,15.0,4.0,8.0,14.0,5,6,1,1,6,5,1,1,3,0,0,3,http://www.khl.ru/game/309/46689/protocol/
792,03.02.2016,Витязь,Динамо Мск,0:2 0:0 1:0,"Главные судьи: Рафаэль Кадыров, Александр Сергеев","Линейные судьи: Торнике Кучава, Иван Сазонов",Тренер: Равиль Якубов,Тренер: Сергей Орешкин,13.0,14.0,16.0,14.0,14.0,7.0,9,9,10,13,7,6,0.0,0.0,3,3,0,3,0,5,4,1,4,2,3,3,6.0,13.0,14.0,6.0,7.0,8.0,3,2,1,0,2,3,0,1,1,1,1,1,http://www.khl.ru/game/309/46690/protocol/
791,03.02.2016,Ак Барс,Сибирь,0:0 2:0 0:1,"Главные судьи: Константин Оленин, Александр Соин","Линейные судьи: Дмитрий Головлёв, Иван Назаров",Тренер: Зинэтула Билялетдинов,Тренер: Андрей Скабелка,23.0,14.0,17.0,12.0,13.0,24.0,9,13,9,5,8,16,0.0,0.0,1,5,4,3,0,3,6,5,9,6,5,6,10.0,8.0,13.0,13.0,12.0,13.0,5,6,1,0,6,5,0,1,1,1,1,1,http://www.khl.ru/game/309/46692/protocol/
789,03.02.2016,Лада,Металлург Нк,1:0 1:1 0:2,"Главные судьи: Павел Овчинников, Юрий Цыплаков","Линейные судьи: Максим Берсенёв, Евгений Юдин",Тренер: Артис Аболс,Тренер: Николай Соловьёв,13.0,14.0,15.0,17.0,23.0,11.0,10,9,8,7,13,6,0.0,0.0,1,0,4,3,3,0,4,1,2,3,2,4,3.0,9.0,7.0,12.0,8.0,9.0,2,5,1,0,5,2,0,1,2,1,1,2,http://www.khl.ru/game/309/46688/protocol/
788,03.02.2016,Трактор,Динамо Мн,0:1 2:1 4:1,"Главные судьи: Денис Бондарь, Яков Деев","Линейные судьи: Станислав Раминг, Никита Новиков",Тренер: Анвар Гатиятулин,Тренер: Андрей Ковалёв,13.0,15.0,24.0,9.0,17.0,22.0,7,12,12,3,10,10,0.0,0.0,2,4,2,3,6,4,4,1,3,2,6,2,9.0,11.0,7.0,8.0,6.0,15.0,2,2,0,0,2,2,0,0,6,3,3,6,http://www.khl.ru/game/309/46685/protocol/
786,03.02.2016,Металлург Мг,ЦСКА,0:0 1:2 0:1,"Главные судьи: Вячеслав Буланов, Денис Наумов","Линейные судьи: Константин Горденко, Роман Шиханов",Тренер: Илья Воробьёв,Тренер: Дмитрий Квартальнов,6.0,18.0,14.0,25.0,18.0,10.0,5,10,9,17,8,7,0.0,0.0,4,1,3,3,1,3,11,8,8,9,6,2,10.0,6.0,12.0,10.0,13.0,6.0,4,3,1,0,3,4,0,1,2,1,1,2,http://www.khl.ru/game/309/46686/protocol/
793,03.02.2016,Локомотив,Авангард,2:1 1:1 0:0,"Главные судьи: Сергей Гусев, Алексей Раводин","Линейные судьи: Эдуард Метальников, Александр Сироткин",Тренер: Алексей Кудашов,Тренер: Евгений Корноухов,15.0,17.0,15.0,24.0,5.0,13.0,13,14,6,12,1,9,0.0,0.0,1,0,6,1,3,1,5,3,3,4,5,4,8.0,7.0,15.0,4.0,13.0,3.0,3,3,1,0,3,3,0,1,2,2,2,2,http://www.khl.ru/game/309/46693/protocol/
787,03.02.2016,Салават Юлаев,Северсталь,1:0 2:0 0:0,"Главные судьи: Эдуард Ибатулин, Павел Комаров","Линейные судьи: Евгений Литвинов, Яков Палей",Тренер: Игорь Захаркин,Тренер: Дмитрий Юшкевич,11.0,19.0,11.0,19.0,19.0,18.0,7,11,9,13,10,9,0.0,0.0,4,2,1,2,9,6,6,2,3,6,0,0,7.0,15.0,7.0,9.0,9.0,12.0,5,8,1,0,8,5,0,1,2,0,0,2,http://www.khl.ru/game/309/46687/protocol/
778,01.02.2016,Салават Юлаев,Барыс,3:1 1:2 1:1,"Главные судьи: Алексей Анисимов, Антонин Йерабек","Линейные судьи: Яков Палей, Антон Понамаренко",Тренер: Игорь Захаркин,Тренер: Андрей Назаров,22.0,19.0,23.0,24.0,17.0,18.0,12,11,10,14,10,10,0.0,0.0,4,4,3,5,5,5,5,3,2,3,7,7,14.0,12.0,7.0,13.0,9.0,12.0,4,4,2,2,4,4,2,2,3,2,2,3,http://www.khl.ru/game/309/46678/protocol/
784,02.02.2016,Амур,Медвешчак,1:2 1:2 1:2,"Главные судьи: Сергей Беляев, Владимир Букин","Линейные судьи: Сергей Мисюрь, Александр Отмахов",Тренер: Андрей Николишин,Тренер: Горди Дуайер,19.0,22.0,24.0,18.0,25.0,10.0,7,13,17,15,20,4,0.0,0.0,6,7,3,5,2,4,9,11,7,5,6,3,8.0,10.0,13.0,8.0,14.0,8.0,5,8,2,1,8,5,1,2,3,1,1,3,http://www.khl.ru/game/309/46683/protocol/
779,01.02.2016,Трактор,Югра,0:1 1:0 1:2,"Главные судьи: Алексей Васильев, Рафаэль Кадыров","Линейные судьи: Никита Вилюгин, Дмитрий Парфёнов",Тренер: Анвар Гатиятулин,Тренер: Павел Езовских,11.0,11.0,13.0,16.0,15.0,10.0,4,3,5,11,8,5,0.0,0.0,1,4,1,2,1,3,3,6,6,8,5,1,6.0,10.0,12.0,8.0,9.0,13.0,5,5,2,1,5,5,1,2,1,1,1,1,http://www.khl.ru/game/309/46676/protocol/
783,01.02.2016,СКА,Йокерит,0:1 1:0 1:0,"Главные судьи: Алексей Белов, Александр Сергеев","Линейные судьи: Александр Захаренков, Дмитрий Сивов",Тренер: Сергей Зубов,Тренер: Эркка Вестерлунд,20.0,21.0,19.0,15.0,20.0,13.0,11,10,11,6,9,6,0.0,0.0,4,5,4,7,5,4,10,7,7,4,5,5,7.0,7.0,16.0,7.0,13.0,8.0,7,4,1,0,4,7,0,1,1,1,1,1,http://www.khl.ru/game/309/46682/protocol/
782,01.02.2016,Северсталь,Динамо Р,0:0 1:1 0:2,"Главные судьи: Александр Соин, Юрий Цыплаков","Линейные судьи: Эдуард Метальников, Александр Сироткин",Тренер: Дмитрий Юшкевич,Тренер: Нормундс Сейейс,16.0,11.0,24.0,18.0,16.0,10.0,8,7,13,9,14,4,0.0,0.0,1,6,4,5,4,1,8,3,5,1,0,6,8.0,7.0,13.0,10.0,12.0,12.0,2,5,1,1,5,2,1,1,2,0,0,2,http://www.khl.ru/game/309/46680/protocol/
780,01.02.2016,Лада,Динамо Мн,2:1 0:1 0:0 0:1,"Главные судьи: Евгений Гамалей, Ильдар Сафиуллов","Линейные судьи: Алексей Михель, Евгений Стрельцов",Тренер: Артис Аболс,Тренер: Андрей Ковалёв,27.0,12.0,7.0,16.0,16.0,10.0,14,7,3,13,9,5,0,1,4,3,1,0,2,4,3,5,2,6,6,4,5.0,5.0,5.0,13.0,7.0,11.0,2,2,0,0,2,2,0,0,2,2,2,2,http://www.khl.ru/game/309/46679/protocol/
781,01.02.2016,Нефтехимик,Автомобилист,2:1 1:2 0:0 0:0 0:1,"Главные судьи: Роман Гофман, Алексей Раводин","Линейные судьи: Александр Садовников, Сергей Шелянин",Тренер: Евгений Попихин,Тренер: Андрей Разин,30.0,19.0,23.0,13.0,28.0,12.0,15,13,11,10,15,5,3,1,2,7,3,9,6,9,6,5,7,4,7,3,10.0,12.0,11.0,13.0,12.0,8.0,3,4,1,1,4,3,1,1,2,2,2,2,http://www.khl.ru/game/309/46681/protocol/
785,02.02.2016,Адмирал,Слован,1:2 0:0 0:1,"Главные судьи: Эдуард Одиньш, Максим Сидоренко","Линейные судьи: Дмитрий Голяк, Александр Нестеров",Тренер: Александр Андриевский,Тренер: Милош Ржига,23.0,7.0,19.0,14.0,9.0,12.0,16,5,8,6,3,7,0.0,0.0,1,2,5,3,2,5,2,3,6,7,7,0,10.0,12.0,11.0,9.0,7.0,13.0,2,5,0,0,5,2,0,0,3,1,1,3,http://www.khl.ru/game/309/46684/protocol/
776,31.01.2016,Спартак,ЦСКА,1:0 1:2 0:2,"Главные судьи: Алексей Анисимов, Антонин Йерабек","Линейные судьи: Александр Захаренков, Дмитрий Сивов",Тренер: Герман Титов,Тренер: Дмитрий Квартальнов,10.0,10.0,13.0,14.0,13.0,19.0,6,3,7,10,9,10,0.0,0.0,3,2,1,1,3,1,16,9,11,7,4,7,6.0,11.0,11.0,14.0,5.0,14.0,5,5,3,0,5,5,0,3,1,2,2,1,http://www.khl.ru/game/309/46674/protocol/
774,31.01.2016,Ак Барс,Металлург Мг,0:1 0:0 0:0,"Главные судьи: Роман Гофман, Алексей Раводин","Линейные судьи: Александр Садовников, Сергей Шелянин",Тренер: Зинэтула Билялетдинов,Тренер: Илья Воробьёв,24.0,20.0,15.0,20.0,20.0,25.0,11,12,10,7,10,13,0.0,0.0,3,6,8,2,4,3,6,5,8,3,3,3,8.0,7.0,7.0,8.0,8.0,8.0,5,2,0,0,2,5,0,0,1,0,0,1,http://www.khl.ru/game/309/46675/protocol/
773,31.01.2016,Сибирь,Слован,1:0 1:2 1:0,"Главные судьи: Михаил Бутурлин, Юрий Оскирко","Линейные судьи: Евгений Литвинов, Сергей Мисюрь",Тренер: Андрей Скабелка,Тренер: Милош Ржига,19.0,20.0,18.0,28.0,15.0,39.0,10,8,8,13,6,23,0.0,0.0,5,7,7,6,9,3,5,6,2,3,4,2,8.0,9.0,11.0,10.0,9.0,12.0,6,8,1,1,8,6,1,1,1,1,1,1,http://www.khl.ru/game/309/46672/protocol/
770,31.01.2016,Амур,Витязь,0:2 0:1 1:1,"Главные судьи: Антти Боман, Максим Сидоренко","Линейные судьи: Дмитрий Головлёв, Роман Шиханов",Тренер: Андрей Николишин,Тренер: Равиль Якубов,26.0,12.0,26.0,17.0,28.0,8.0,16,10,20,10,16,7,0.0,0.0,2,5,3,3,0,6,7,4,6,8,5,3,10.0,11.0,9.0,13.0,18.0,3.0,3,4,2,0,4,3,0,2,2,1,1,2,http://www.khl.ru/game/309/46669/protocol/
777,01.02.2016,Авангард,Торпедо,0:0 1:1 3:0,"Главные судьи: Вячеслав Буланов, Сергей Кулаков","Линейные судьи: Алексей Медведев, Иван Сазонов",Тренер: Евгений Корноухов,Тренер: Петерис Скудра,9.0,16.0,15.0,25.0,13.0,8.0,7,8,8,13,8,6,0.0,0.0,4,2,8,2,2,3,3,4,2,4,5,6,11.0,3.0,17.0,9.0,10.0,7.0,7,4,3,1,4,7,1,3,1,0,0,1,http://www.khl.ru/game/309/46677/protocol/
771,31.01.2016,Адмирал,Динамо Мск,1:0 1:3 0:2,"Главные судьи: Виктор Гашилов, Эдуард Одиньш","Линейные судьи: Глеб Лазарев, Станислав Раминг",Тренер: Александр Андриевский,Тренер: Сергей Орешкин,21.0,7.0,7.0,18.0,17.0,16.0,13,3,3,8,9,9,0.0,0.0,1,4,6,2,2,5,10,4,7,4,6,2,13.0,10.0,11.0,8.0,8.0,10.0,5,4,2,1,4,5,1,2,3,0,0,3,http://www.khl.ru/game/309/46670/protocol/
775,31.01.2016,Локомотив,ХК Сочи,1:1 2:2 0:3,"Главные судьи: Яков Деев, Владислав Киселёв","Линейные судьи: Дмитрий Голяк, Александр Нестеров",Тренер: Алексей Кудашов,Тренер: Вячеслав Буцаев,17.0,17.0,18.0,25.0,15.0,15.0,8,10,11,13,10,9,0.0,0.0,3,6,8,6,1,1,8,3,9,3,1,4,10.0,8.0,11.0,11.0,14.0,9.0,6,7,2,1,7,6,1,2,4,1,1,4,http://www.khl.ru/game/309/46673/protocol/
772,31.01.2016,Металлург Нк,Медвешчак,1:1 2:0 2:0,"Главные судьи: Анатолий Захаров, Роман Щенёв","Линейные судьи: Степан Коршак, Александр Чернышёв",Тренер: Николай Соловьёв,Тренер: Горди Дуайер,16.0,19.0,17.0,24.0,22.0,16.0,12,12,11,10,14,7,0.0,0.0,3,4,5,4,5,2,5,10,6,8,4,4,10.0,15.0,13.0,13.0,7.0,10.0,3,5,2,0,5,3,0,2,2,1,1,2,http://www.khl.ru/game/309/46671/protocol/
763,29.01.2016,Лада,Локомотив,0:2 2:1 0:1,"Главные судьи: Алексей Васильев, Рафаэль Кадыров","Линейные судьи: Алексей Майтак, Евгений Пронских",Тренер: Артис Аболс,Тренер: Алексей Кудашов,12.0,16.0,22.0,11.0,14.0,9.0,6,11,9,5,4,8,0.0,0.0,5,0,1,1,1,2,4,4,1,4,4,6,10.0,8.0,12.0,8.0,9.0,7.0,1,0,1,0,0,1,0,1,4,1,1,4,http://www.khl.ru/game/309/46662/protocol/
769,30.01.2016,Торпедо,Динамо Р,1:1 1:0 2:0,"Главные судьи: Антон Лаврентьев, Евгений Гамалей","Линейные судьи: Никита Новиков, Иван Сазонов",Тренер: Петерис Скудра,Тренер: Нормундс Сейейс,29.0,9.0,13.0,9.0,15.0,10.0,17,7,9,3,7,6,0.0,0.0,1,2,3,3,0,2,2,6,9,11,2,4,16.0,8.0,13.0,5.0,11.0,7.0,5,7,1,1,7,5,1,1,3,0,0,3,http://www.khl.ru/game/309/46668/protocol/
764,29.01.2016,Ак Барс,ХК Сочи,0:2 1:3 1:1,"Главные судьи: Юрий Цыплаков, Роман Щенёв","Линейные судьи: Эдуард Метальников, Александр Сироткин",Тренер: Зинэтула Билялетдинов,Тренер: Вячеслав Буцаев,13.0,21.0,26.0,14.0,18.0,13.0,7,13,15,12,10,6,0.0,0.0,2,3,1,3,2,4,3,1,1,1,1,0,4.0,12.0,12.0,9.0,7.0,10.0,5,6,3,1,6,5,1,3,3,1,1,3,http://www.khl.ru/game/309/46665/protocol/
767,29.01.2016,ЦСКА,Йокерит,0:1 1:0 1:0,"Главные судьи: Вячеслав Буланов, Константин Оленин","Линейные судьи: Дмитрий Сивов, Сергей Шелянин",Тренер: Дмитрий Квартальнов,Тренер: Эркка Вестерлунд,13.0,18.0,25.0,10.0,25.0,6.0,8,11,15,3,14,5,0.0,0.0,6,4,4,5,1,6,6,4,4,6,3,6,9.0,8.0,9.0,7.0,11.0,9.0,6,5,1,0,5,6,0,1,2,0,0,2,http://www.khl.ru/game/309/46663/protocol/
768,30.01.2016,Югра,Автомобилист,0:0 1:1 0:0 0:0 0:1,"Главные судьи: Денис Бондарь, Владимир Букин","Линейные судьи: Максим Берсенёв, Евгений Юдин",Тренер: Павел Езовских,Тренер: Андрей Разин,18.0,20.0,22.0,8.0,18.0,9.0,8,12,10,5,8,6,2,3,2,3,1,6,0,5,4,1,3,2,4,2,7.0,11.0,4.0,14.0,8.0,6.0,5,4,0,0,4,5,0,0,0,0,0,0,http://www.khl.ru/game/309/46667/protocol/
765,29.01.2016,Динамо Мн,Спартак,0:0 0:1 1:0 0:0 1:0,"Главные судьи: Сергей Беляев, Денис Наумов","Линейные судьи: Дмитрий Парфёнов, Александр Сысуев",Тренер: Андрей Ковалёв,Тренер: Герман Титов,12.0,16.0,15.0,16.0,25.0,12.0,4,9,6,11,13,6,1,2,3,2,2,4,0,6,4,5,0,6,4,7,10.0,6.0,13.0,5.0,13.0,7.0,3,4,1,1,4,3,1,1,0,0,0,0,http://www.khl.ru/game/309/46666/protocol/
762,29.01.2016,Трактор,Металлург Мг,2:0 0:1 1:2 0:0 0:1,"Главные судьи: Алексей Анисимов, Эдуард Одиньш","Линейные судьи: Константин Горденко, Виктор Томилов",Тренер: Анвар Гатиятулин,Тренер: Илья Воробьёв,16.0,15.0,17.0,23.0,29.0,13.0,9,8,10,12,18,9,4,2,4,3,6,2,2,5,3,2,4,7,10,3,7.0,10.0,8.0,6.0,4.0,10.0,4,3,0,0,3,4,0,0,3,3,3,3,http://www.khl.ru/game/309/46659/protocol/
766,29.01.2016,СКА,Северсталь,3:1 2:0 1:0,"Главные судьи: Владислав Киселёв, Павел Овчинников","Линейные судьи: Иван Назаров, Антон Понамаренко",Тренер: Сергей Зубов,Тренер: Дмитрий Юшкевич,29.0,12.0,18.0,12.0,7.0,8.0,15,10,11,5,6,3,0.0,0.0,2,5,3,5,3,0,7,6,7,7,10,7,18.0,7.0,9.0,12.0,7.0,4.0,9,5,4,0,5,9,0,4,2,1,1,2,http://www.khl.ru/game/309/46664/protocol/
757,29.01.2016,Амур,Динамо Мск,2:1 0:2 0:2,"Главные судьи: Антти Боман, Максим Сидоренко","Линейные судьи: Дмитрий Головлёв, Роман Шиханов",Тренер: Андрей Николишин,Тренер: Сергей Орешкин,19.0,10.0,8.0,23.0,15.0,14.0,10,6,5,15,11,9,0.0,0.0,3,5,4,2,2,1,10,7,8,3,6,2,11.0,8.0,10.0,11.0,10.0,11.0,1,5,1,3,5,1,3,1,2,1,1,2,http://www.khl.ru/game/309/46656/protocol/
756,27.01.2016,Динамо Р,ЦСКА,0:0 0:2 0:3,"Главные судьи: Александр Сергеев, Даниэль Конц","Линейные судьи: Эдуард Метальников, Александр Сироткин",Тренер: Нормундс Сейейс,Тренер: Дмитрий Квартальнов,15.0,21.0,11.0,31.0,6.0,23.0,9,13,8,9,3,16,0.0,0.0,5,3,8,3,3,1,9,6,9,6,13,3,8.0,6.0,9.0,10.0,12.0,9.0,8,3,2,0,3,8,0,2,3,0,0,3,http://www.khl.ru/game/309/46655/protocol/
755,27.01.2016,Торпедо,Спартак,5:1 2:0 0:1,"Главные судьи: Александр Соин, Владислав Киселёв","Линейные судьи: Виктор Томилов, Константин Горденко",Тренер: Петерис Скудра,Тренер: Герман Титов,21.0,11.0,15.0,18.0,18.0,19.0,13,5,11,13,13,10,0.0,0.0,3,4,5,1,2,3,4,7,3,7,2,1,16.0,10.0,8.0,14.0,15.0,9.0,7,7,4,1,7,7,1,4,3,1,1,3,http://www.khl.ru/game/309/46652/protocol/
760,29.01.2016,Салават Юлаев,Нефтехимик,0:1 1:0 0:0 0:1,"Главные судьи: Яков Деев, Александр Сергеев","Линейные судьи: Пётр Алёшин, Юрий Иванов",Тренер: Игорь Захаркин,Тренер: Евгений Попихин,19.0,18.0,22.0,18.0,20.0,14.0,8,12,11,12,16,7,0,2,2,6,6,4,2,2,3,14,6,8,2,7,7.0,6.0,8.0,11.0,7.0,10.0,1,2,0,0,2,1,0,0,1,1,1,1,http://www.khl.ru/game/309/46661/protocol/
761,29.01.2016,Сибирь,Медвешчак,1:0 3:0 2:0,"Главные судьи: Анатолий Захаров, Антонин Йерабек","Линейные судьи: Андрей Матюша, Сергей Мисюрь",Тренер: Андрей Скабелка,Тренер: Горди Дуайер,19.0,29.0,23.0,15.0,24.0,15.0,10,18,14,9,12,8,0.0,0.0,8,5,2,7,3,7,4,8,12,10,3,6,8.0,7.0,10.0,10.0,3.0,9.0,4,5,1,0,5,4,0,1,5,0,0,5,http://www.khl.ru/game/309/46660/protocol/
758,29.01.2016,Адмирал,Витязь,0:2 2:1 1:0 0:0 1:0,"Главные судьи: Виктор Гашилов, Юрий Оскирко","Линейные судьи: Глеб Лазарев, Станислав Раминг",Тренер: Александр Андриевский,Тренер: Равиль Якубов,18.0,10.0,20.0,7.0,20.0,13.0,12,7,16,4,7,7,1,2,2,2,2,2,2,5,9,1,6,1,2,2,11.0,7.0,13.0,6.0,15.0,9.0,5,4,2,1,4,5,1,2,1,2,2,1,http://www.khl.ru/game/309/46657/protocol/
754,27.01.2016,Динамо Мн,СКА,2:0 1:1 0:1,"Главные судьи: Алексей Белов, Сергей Гусев","Линейные судьи: Александр Садовников, Дмитрий Сивов",Тренер: Андрей Ковалёв,Тренер: Сергей Зубов,14.0,30.0,19.0,22.0,6.0,39.0,4,12,13,11,2,24,0.0,0.0,4,4,5,2,5,1,2,6,1,2,5,2,8.0,9.0,13.0,11.0,8.0,7.0,5,8,2,1,8,5,1,2,1,1,1,1,http://www.khl.ru/game/309/46654/protocol/
759,29.01.2016,Металлург Нк,Слован,0:1 2:1 0:1,"Главные судьи: Павел Комаров, Ильдар Сафиуллов","Линейные судьи: Степан Коршак, Александр Чернышёв",Тренер: Николай Соловьёв,Тренер: Милош Ржига,18.0,25.0,25.0,13.0,11.0,21.0,9,16,16,6,8,15,0.0,0.0,3,4,3,4,2,3,7,2,3,5,4,8,6.0,13.0,14.0,8.0,6.0,12.0,4,4,2,0,4,4,0,2,1,1,1,1,http://www.khl.ru/game/309/46658/protocol/
752,27.01.2016,Северсталь,Йокерит,1:1 0:0 0:1,"Главные судьи: Алексей Васильев, Евгений Гамалей","Линейные судьи: Дмитрий Голяк, Александр Нестеров",Тренер: Дмитрий Юшкевич,Тренер: Эркка Вестерлунд,22.0,10.0,15.0,22.0,12.0,26.0,10,8,4,9,8,12,0.0,0.0,0,8,7,7,9,3,1,2,3,3,1,3,13.0,9.0,7.0,9.0,11.0,12.0,2,2,1,0,2,2,0,1,1,1,1,1,http://www.khl.ru/game/309/46651/protocol/
753,27.01.2016,Ак Барс,Локомотив,1:1 1:1 0:0 0:0 0:1,"Главные судьи: Анатолий Захаров, Антонин Йерабек","Линейные судьи: Алексей Михель, Евгений Стрельцов",Тренер: Зинэтула Билялетдинов,Тренер: Алексей Кудашов,14.0,26.0,17.0,19.0,17.0,10.0,13,16,11,10,11,4,5,5,6,1,6,2,4,0,9,6,11,3,2,4,10.0,6.0,5.0,6.0,6.0,9.0,4,3,1,0,3,4,0,1,2,1,1,2,http://www.khl.ru/game/309/46653/protocol/
748,27.01.2016,Барыс,Трактор,3:1 0:3 1:0 0:0 1:0,"Главные судьи: Сергей Кулаков, Константин Оленин","Линейные судьи: Дмитрий Парфёнов, Александр Сысуев",Тренер: Андрей Назаров,Тренер: Анвар Гатиятулин,22.0,12.0,17.0,23.0,15.0,15.0,14,7,10,15,9,11,2,8,3,3,3,0,1,2,6,5,2,3,6,3,18.0,8.0,10.0,12.0,18.0,3.0,2,7,1,2,7,2,2,1,2,2,2,2,http://www.khl.ru/game/309/46648/protocol/
749,27.01.2016,Сибирь,Витязь,1:1 2:1 2:0,"Главные судьи: Сергей Беляев, Ильдар Сафиуллов","Линейные судьи: Никита Шалагин, Дмитрий Шишло",Тренер: Андрей Скабелка,Тренер: Равиль Якубов,26.0,17.0,21.0,20.0,25.0,11.0,10,9,9,10,16,1,0.0,0.0,3,11,6,4,4,2,3,5,6,6,4,3,7.0,11.0,7.0,11.0,8.0,7.0,3,3,1,1,3,3,1,1,4,1,1,4,http://www.khl.ru/game/309/46645/protocol/
750,27.01.2016,Югра,Металлург Мг,0:0 1:1 3:1,"Главные судьи: Эдуард Ибатулин, Юрий Оскирко","Линейные судьи: Александр Захаренков, Алексей Медведев",Тренер: Павел Езовских,Тренер: Илья Воробьёв,16.0,19.0,8.0,26.0,11.0,24.0,9,10,4,14,9,16,0.0,0.0,2,4,1,1,3,2,1,4,2,2,0,2,6.0,7.0,6.0,14.0,8.0,15.0,5,7,2,1,7,5,1,2,2,1,1,2,http://www.khl.ru/game/309/46649/protocol/
751,27.01.2016,Лада,ХК Сочи,1:0 0:2 0:1,"Главные судьи: Вячеслав Буланов, Михаил Бутурлин","Линейные судьи: Пётр Алёшин, Юрий Иванов",Тренер: Артис Аболс,Тренер: Вячеслав Буцаев,21.0,17.0,15.0,15.0,8.0,24.0,10,7,7,7,4,12,0.0,0.0,4,2,1,2,5,1,1,7,9,5,5,3,8.0,5.0,6.0,9.0,10.0,12.0,4,5,1,0,5,4,0,1,2,1,1,2,http://www.khl.ru/game/309/46650/protocol/
746,27.01.2016,Авангард,Нефтехимик,0:1 0:1 1:2,"Главные судьи: Антти Боман, Максим Сидоренко","Линейные судьи: Александр Отмахов, Станислав Раминг",Тренер: Евгений Корноухов,Тренер: Евгений Попихин,19.0,16.0,19.0,18.0,22.0,14.0,8,8,11,12,9,11,0.0,0.0,2,5,3,3,3,6,6,4,3,3,2,2,16.0,7.0,14.0,8.0,9.0,12.0,4,5,1,1,5,4,1,1,3,0,0,3,http://www.khl.ru/game/309/46646/protocol/
747,27.01.2016,Автомобилист,Салават Юлаев,1:1 1:0 0:1 1:0,"Главные судьи: Алексей Анисимов, Эдуард Одиньш","Линейные судьи: Глеб Лазарев, Роман Шиханов",Тренер: Андрей Разин,Тренер: Игорь Захаркин,16.0,22.0,8.0,24.0,13.0,12.0,11,9,2,14,8,8,1,0,6,0,5,3,1,2,2,4,2,3,2,4,12.0,11.0,12.0,14.0,15.0,6.0,6,2,1,0,2,6,0,1,1,2,2,1,http://www.khl.ru/game/309/46647/protocol/
742,25.01.2016,СКА,ЦСКА,0:0 1:2 1:1,"Главные судьи: Роман Гофман, Антти Боман","Линейные судьи: Дмитрий Головлёв, Глеб Лазарев",Тренер: Сергей Зубов,Тренер: Дмитрий Квартальнов,21.0,16.0,13.0,22.0,32.0,26.0,14,11,6,17,15,14,0.0,0.0,1,4,2,6,5,10,7,8,10,3,5,5,12.0,10.0,5.0,12.0,10.0,11.0,5,6,2,0,6,5,0,2,1,1,1,1,http://www.khl.ru/game/309/46642/protocol/
738,25.01.2016,Сибирь,Динамо Мск,1:1 0:0 1:1 0:0 0:1,"Главные судьи: Алексей Белов, Алексей Раводин","Линейные судьи: Александр Отмахов, Станислав Раминг",Тренер: Андрей Скабелка,Тренер: Сергей Орешкин,25.0,13.0,22.0,22.0,17.0,10.0,12,6,12,14,6,5,2,3,5,8,4,8,4,4,7,0,2,1,1,1,6.0,12.0,12.0,10.0,10.0,7.0,3,4,0,0,4,3,0,0,2,2,2,2,http://www.khl.ru/game/309/46634/protocol/
744,25.01.2016,Динамо Р,Динамо Мн,0:1 0:2 0:0,"Главные судьи: Владимир Букин, Рафаэль Кадыров","Линейные судьи: Эдуард Метальников, Александр Сироткин",Тренер: Нормундс Сейейс,Тренер: Андрей Ковалёв,6.0,17.0,12.0,21.0,20,10,6,8,9,13,12,6,0.0,0.0,4,0,1,1,3,5,10,4,12,7,7,1,9.0,10.0,7.0,13.0,7,4,5,2,2,0,2,5,0,2,1,0,0,1,http://www.khl.ru/game/309/46643/protocol/
741,25.01.2016,Северсталь,Спартак,2:0 1:0 0:0,"Главные судьи: Виктор Гашилов, Юрий Оскирко","Линейные судьи: Степан Коршак, Александр Чернышёв",Тренер: Дмитрий Юшкевич,Тренер: Герман Титов,27.0,11.0,15.0,20.0,18.0,19.0,17,6,10,13,10,12,0.0,0.0,2,3,6,0,5,2,3,6,4,1,2,5,12.0,7.0,6.0,6.0,8.0,12.0,6,6,1,0,6,6,0,1,2,0,0,2,http://www.khl.ru/game/309/46640/protocol/
743,25.01.2016,Торпедо,Йокерит,2:2 1:2 2:1 0:0 0:1,"Главные судьи: Алексей Анисимов, Михаил Бутурлин","Линейные судьи: Сергей Шелянин, Александр Садовников",Тренер: Петерис Скудра,Тренер: Эркка Вестерлунд,16.0,18.0,23.0,9.0,25.0,8.0,6,12,14,5,17,5,3,4,1,5,2,3,1,1,7,6,6,7,2,3,11.0,8.0,11.0,10.0,13.0,8.0,5,3,4,2,3,5,2,4,3,1,1,3,http://www.khl.ru/game/309/46641/protocol/
739,25.01.2016,Югра,Салават Юлаев,1:1 1:1 3:1,"Главные судьи: Вячеслав Буланов, Юрий Цыплаков","Линейные судьи: Александр Захаренков, Алексей Медведев",Тренер: Павел Езовских,Тренер: Игорь Захаркин,17.0,10.0,24.0,12.0,12.0,16.0,13,6,15,7,9,11,0.0,0.0,1,2,1,3,3,1,5,4,3,0,3,0,12.0,9.0,14.0,12.0,6.0,11.0,3,7,1,1,7,3,1,1,4,2,2,4,http://www.khl.ru/game/309/46638/protocol/
745,27.01.2016,Металлург Нк,Динамо Мск,1:0 0:3 0:1,"Главные судьи: Яков Деев, Владимир Букин","Линейные судьи: Андрей Матюша, Сергей Мисюрь",Тренер: Николай Соловьёв,Тренер: Сергей Орешкин,19.0,11.0,17.0,23.0,16.0,11.0,7,6,9,17,8,6,0.0,0.0,2,5,2,3,3,7,8,8,7,4,8,4,10.0,11.0,9.0,10.0,5.0,10.0,3,3,0,0,3,3,0,0,4,1,1,4,http://www.khl.ru/game/309/46644/protocol/
740,25.01.2016,Лада,Ак Барс,0:0 0:0 0:0 0:0 1:0,"Главные судьи: Сергей Кулаков, Павел Овчинников","Линейные судьи: Дмитрий Голяк, Александр Нестеров",Тренер: Артис Аболс,Тренер: Зинэтула Билялетдинов,12.0,20.0,20.0,15.0,19.0,17.0,8,9,10,8,12,9,4,0,7,0,4,5,2,2,6,3,4,5,4,8,5.0,6.0,7.0,8.0,6.0,5.0,2,2,0,0,2,2,0,0,0,0,0,0,http://www.khl.ru/game/309/46639/protocol/
736,25.01.2016,Барыс,Нефтехимик,0:0 0:1 1:1,"Главные судьи: Алексей Васильев, Константин Оленин","Линейные судьи: Дмитрий Парфёнов, Александр Сысуев",Тренер: Андрей Назаров,Тренер: Евгений Попихин,20.0,22.0,21.0,22.0,21.0,9.0,10,13,10,12,17,4,0.0,0.0,6,5,6,5,3,0,8,3,6,4,2,2,7.0,11.0,15.0,10.0,12.0,12.0,3,7,1,0,7,3,0,1,1,1,1,1,http://www.khl.ru/game/309/46637/protocol/
735,25.01.2016,Авангард,Трактор,0:1 1:1 0:0,"Главные судьи: Ильдар Сафиуллов, Сергей Беляев","Линейные судьи: Торнике Кучава, Никита Новиков",Тренер: Евгений Корноухов,Тренер: Анвар Гатиятулин,16.0,11.0,22.0,17.0,19.0,11.0,10,5,11,11,8,7,0.0,0.0,4,5,2,4,2,4,7,3,5,2,6,2,6.0,8.0,13.0,12.0,10.0,5.0,1,2,1,0,2,1,0,1,2,0,0,2,http://www.khl.ru/game/309/46635/protocol/
733,21.01.2016,Динамо Р,Сибирь,0:0 2:0 0:0,"Главные судьи: Павел Комаров, Даниэль Конц","Линейные судьи: Дмитрий Сивов, Роман Шиханов",Тренер: Нормундс Сейейс,Тренер: Андрей Скабелка,20.0,21.0,17.0,23.0,6.0,33.0,8,10,11,11,3,17,0.0,0.0,3,7,8,3,8,0,12,7,6,4,6,3,9.0,14.0,14.0,12.0,7.0,15.0,3,4,0,0,4,3,0,0,2,0,0,2,http://www.khl.ru/game/309/46632/protocol/
732,21.01.2016,Спартак,Амур,1:0 1:1 0:0,"Главные судьи: Эдуард Ибатулин, Рафаэль Кадыров","Линейные судьи: Дмитрий Голяк, Глеб Лазарев",Тренер: Герман Титов,Тренер: Андрей Николишин,21.0,16.0,16.0,24.0,10.0,21.0,15,10,6,12,5,13,0.0,0.0,3,3,5,5,5,1,4,6,7,8,7,6,18.0,8.0,10.0,9.0,11.0,9.0,4,4,1,0,4,4,0,1,1,1,1,1,http://www.khl.ru/game/309/46628/protocol/
731,21.01.2016,СКА,Адмирал,0:2 1:1 2:0 0:0 0:1,"Главные судьи: Михаил Бутурлин, Алексей Раводин","Линейные судьи: Эдуард Метальников, Александр Сироткин",Тренер: Сергей Зубов,Тренер: Александр Андриевский,17.0,23.0,27.0,22.0,17.0,9.0,11,14,13,10,11,2,1,2,5,1,4,8,1,5,2,3,2,3,6,3,14.0,11.0,10.0,11.0,9.0,6.0,5,2,2,0,2,5,0,2,3,1,1,3,http://www.khl.ru/game/309/46630/protocol/
734,25.01.2016,Металлург Нк,Витязь,0:1 1:1 1:1,"Главные судьи: Антон Лаврентьев, Александр Соин","Линейные судьи: Никита Шалагин, Дмитрий Шишло",Тренер: Николай Соловьёв,Тренер: Равиль Якубов,23.0,19.0,20.0,19.0,16.0,22.0,14,15,10,11,9,13,0.0,0.0,3,4,3,4,2,6,3,8,3,2,3,4,12.0,11.0,12.0,8.0,9.0,9.0,5,5,1,0,5,5,0,1,2,2,2,2,http://www.khl.ru/game/309/46633/protocol/
737,25.01.2016,Металлург Мг,Автомобилист,1:0 2:1 3:1,"Главные судьи: Евгений Гамалей, Анатолий Захаров","Линейные судьи: Иван Назаров, Иван Сазонов",Тренер: Илья Воробьёв,Тренер: Андрей Разин,29.0,7.0,15.0,21.0,18.0,14.0,15,3,8,11,13,8,0.0,0.0,3,7,7,5,3,3,5,3,6,1,5,0,11.0,9.0,9.0,11.0,10.0,10.0,2,7,2,0,7,2,0,2,3,2,2,3,http://www.khl.ru/game/309/46636/protocol/
724,20.01.2016,Торпедо,Локомотив,1:0 0:0 0:1 0:0 0:1,"Главные судьи: Владимир Букин, Александр Сергеев","Линейные судьи: Дмитрий Голяк, Александр Захаренков",Тренер: Петерис Скудра,Тренер: Алексей Кудашов,11.0,8.0,7.0,10.0,12.0,11.0,8,7,5,3,7,8,1,1,1,2,1,2,0,3,7,10,6,7,3,4,8.0,3.0,5.0,16.0,8.0,4.0,3,3,1,0,3,3,0,1,1,0,0,1,http://www.khl.ru/game/309/46622/protocol/
728,21.01.2016,Югра,Лада,0:3 1:1 0:1,"Главные судьи: Евгений Гамалей, Анатолий Захаров","Линейные судьи: Степан Коршак, Александр Чернышёв",Тренер: Павел Езовских,Тренер: Артис Аболс,19.0,20.0,17.0,17.0,26.0,14.0,12,12,11,10,13,9,0.0,0.0,5,3,3,3,0,4,4,1,2,1,1,2,12.0,8.0,6.0,12.0,11.0,8.0,4,6,2,0,6,4,0,2,3,1,1,3,http://www.khl.ru/game/309/46627/protocol/
725,21.01.2016,Барыс,Авангард,0:4 1:1 1:2,"Главные судьи: Сергей Гусев, Александр Соин","Линейные судьи: Александр Садовников, Иван Сазонов",Тренер: Андрей Назаров,Тренер: Евгений Корноухов,11.0,18.0,16.0,16.0,28.0,10.0,7,13,13,9,23,6,0.0,0.0,3,2,2,3,2,4,6,0,6,1,7,1,12.0,13.0,10.0,14.0,15.0,8.0,4,5,2,1,5,4,1,2,5,0,0,5,http://www.khl.ru/game/309/46626/protocol/
730,21.01.2016,Йокерит,Металлург Нк,1:1 2:0 3:1,"Главные судьи: Роман Гофман, Андрис Ансонс","Линейные судьи: Пётр Алёшин, Юрий Иванов",Тренер: Эркка Вестерлунд,Тренер: Николай Соловьёв,15.0,14.0,16.0,26.0,22.0,10.0,9,10,11,15,15,7,0.0,0.0,1,1,6,1,0,2,5,2,6,8,9,2,10.0,9.0,13.0,11.0,16.0,3.0,4,5,1,0,5,4,0,1,5,2,2,5,http://www.khl.ru/game/309/46631/protocol/
723,20.01.2016,Слован,Медвешчак,1:1 0:0 2:1,"Главные судьи: Алексей Васильев, Юрий Оскирко","Линейные судьи: Иван Назаров, Александр Нестеров",Тренер: Милош Ржига,Тренер: Горди Дуайер,19.0,19.0,25.0,13.0,28.0,18.0,10,11,15,7,22,13,0.0,0.0,2,6,3,6,7,5,4,7,2,7,4,4,13.0,11.0,10.0,10.0,15.0,14.0,6,4,1,0,4,6,0,1,2,2,2,2,http://www.khl.ru/game/309/46623/protocol/
729,21.01.2016,Витязь,Северсталь,0:0 1:1 1:1 1:0,"Главные судьи: Павел Овчинников, Роман Щенёв","Линейные судьи: Алексей Майтак, Евгений Пронских",Тренер: Равиль Якубов,Тренер: Дмитрий Юшкевич,14.0,10.0,19.0,17.0,10.0,15.0,7,5,15,10,6,9,1,0,1,5,2,1,3,3,3,1,3,3,5,1,5.0,3.0,8.0,7.0,10.0,10.0,3,2,1,0,2,3,0,1,1,2,2,1,http://www.khl.ru/game/309/46629/protocol/
727,21.01.2016,Салават Юлаев,ХК Сочи,0:0 0:0 0:3,"Главные судьи: Денис Бондарь, Ильдар Сафиуллов","Линейные судьи: Сергей Мисюрь, Александр Отмахов",Тренер: Игорь Захаркин,Тренер: Вячеслав Буцаев,20.0,18.0,26.0,18.0,20.0,22.0,7,8,8,9,14,13,0.0,0.0,6,4,6,12,8,3,4,0,3,5,4,1,12.0,7.0,2.0,11.0,8.0,10.0,3,4,0,0,4,3,0,0,3,0,0,3,http://www.khl.ru/game/309/46625/protocol/
726,21.01.2016,Металлург Мг,Ак Барс,0:0 0:0 0:0 0:0 1:0,"Главные судьи: Алексей Анисимов, Антти Боман","Линейные судьи: Константин Горденко, Виктор Томилов",Тренер: Илья Воробьёв,Тренер: Зинэтула Билялетдинов,21.0,15.0,15.0,14.0,14.0,19.0,12,8,8,12,10,12,2,0,2,5,0,2,2,2,7,4,2,4,6,2,5.0,9.0,7.0,6.0,11.0,8.0,1,2,0,0,2,1,0,0,0,0,0,0,http://www.khl.ru/game/309/46624/protocol/
718,19.01.2016,СКА,Металлург Нк,3:0 1:0 0:0,"Главные судьи: Сергей Кулаков, Эдуард Ибатулин","Линейные судьи: Алексей Медведев, Александр Отмахов",Тренер: Сергей Зубов,Тренер: Николай Соловьёв,31.0,11.0,26.0,12.0,14.0,17.0,21,4,10,8,12,8,0.0,0.0,3,5,2,2,4,0,2,0,1,1,4,1,16.0,2.0,7.0,8.0,9.0,8.0,7,4,2,0,4,7,0,2,2,0,0,2,http://www.khl.ru/game/309/46616/protocol/
716,19.01.2016,Витязь,ХК Сочи,1:0 1:1 2:2,"Главные судьи: Максим Сидоренко, Денис Наумов","Линейные судьи: Никита Вилюгин, Евгений Литвинов",Тренер: Равиль Якубов,Тренер: Вячеслав Буцаев,16.0,17.0,14.0,21.0,14.0,25.0,8,9,8,8,9,18,0.0,0.0,6,5,5,5,5,4,5,7,4,6,2,5,7.0,9.0,13.0,10.0,7.0,14.0,7,2,1,0,2,7,0,1,3,3,3,3,http://www.khl.ru/game/309/46615/protocol/
717,19.01.2016,Йокерит,Адмирал,1:0 2:1 0:1,"Главные судьи: Андрис Ансонс, Даниэль Конц","Линейные судьи: Пётр Алёшин, Юрий Иванов",Тренер: Эркка Вестерлунд,Тренер: Александр Андриевский,15.0,8.0,16.0,17.0,19.0,13.0,9,6,11,11,8,4,0.0,0.0,0,1,4,3,3,3,6,10,6,12,7,7,13.0,8.0,14.0,7.0,8.0,8.0,5,1,1,0,1,5,0,1,2,2,2,2,http://www.khl.ru/game/309/46618/protocol/
715,19.01.2016,Ак Барс,Лада,1:0 3:1 1:2,"Главные судьи: Денис Бондарь, Павел Комаров","Линейные судьи: Торнике Кучава, Никита Новиков",Тренер: Зинэтула Билялетдинов,Тренер: Артис Аболс,13.0,13.0,23.0,16.0,15.0,27.0,12,7,17,13,12,14,0.0,0.0,2,1,1,3,7,3,7,6,7,6,3,5,6.0,9.0,13.0,12.0,16.0,14.0,6,7,1,1,7,6,1,1,4,1,1,4,http://www.khl.ru/game/309/46617/protocol/
720,19.01.2016,Динамо Р,Амур,1:0 0:1 0:1,"Главные судьи: Алексей Анисимов, Ильдар Сафиуллов","Линейные судьи: Дмитрий Сивов, Роман Шиханов",Тренер: Нормундс Сейейс,Тренер: Андрей Николишин,7.0,24.0,12.0,26.0,8.0,23.0,4,12,4,17,5,14,0.0,0.0,7,3,7,7,3,1,3,7,4,6,2,1,6.0,13.0,8.0,19.0,10.0,13.0,3,3,0,0,3,3,0,0,2,1,1,2,http://www.khl.ru/game/309/46619/protocol/
722,20.01.2016,Динамо Мск,ЦСКА,0:1 1:0 1:1 0:0 0:1,"Главные судьи: Вячеслав Буланов, Константин Оленин","Линейные судьи: Глеб Лазарев, Сергей Шелянин",Тренер: Сергей Орешкин,Тренер: Дмитрий Квартальнов,11.0,23.0,16.0,16.0,8.0,24.0,3,10,8,5,3,8,3,1,7,6,6,2,10,4,3,10,9,10,6,5,10.0,8.0,12.0,9.0,8.0,7.0,4,5,1,0,5,4,0,1,2,1,1,2,http://www.khl.ru/game/309/46621/protocol/
719,19.01.2016,Спартак,Сибирь,2:2 0:0 1:1 0:0 0:1,"Главные судьи: Владислав Киселёв, Роман Гофман","Линейные судьи: Константин Горденко, Виктор Томилов",Тренер: Герман Титов,Тренер: Андрей Скабелка,10.0,19.0,14.0,19.0,21.0,12.0,6,11,4,12,15,6,3,1,1,2,2,3,2,3,11,11,10,3,11,7,15.0,12.0,6.0,10.0,8.0,8.0,6,3,2,1,3,6,1,2,1,1,1,1,http://www.khl.ru/game/309/46614/protocol/
721,20.01.2016,Автомобилист,Нефтехимик,1:0 0:0 0:0,"Главные судьи: Алексей Белов, Денис Наумов","Линейные судьи: Яков Палей, Александр Сысуев",Тренер: Андрей Разин,Тренер: Евгений Попихин,12.0,19.0,13.0,21.0,3.0,33.0,6,11,5,13,1,17,0.0,0.0,3,2,3,3,6,0,2,4,1,2,2,2,7.0,11.0,9.0,8.0,8.0,10.0,2,3,0,0,3,2,0,0,1,0,0,1,http://www.khl.ru/game/309/46620/protocol/
713,19.01.2016,Барыс,Динамо Мн,0:0 3:1 1:1,"Главные судьи: Яков Деев, Рафаэль Кадыров","Линейные судьи: Дмитрий Головлёв, Андрей Матюша",Тренер: Андрей Назаров,Тренер: Андрей Ковалёв,18.0,18.0,14.0,26.0,15.0,16.0,11,13,8,16,6,13,0.0,0.0,5,1,6,3,1,4,8,4,11,3,5,4,8.0,9.0,13.0,13.0,9.0,11.0,3,6,1,0,6,3,0,1,4,1,1,4,http://www.khl.ru/game/309/46613/protocol/
712,18.01.2016,Слован,Динамо Мск,2:0 0:1 1:3,"Главные судьи: Алексей Белов, Алексей Раводин","Линейные судьи: Эдуард Метальников, Александр Сироткин",Тренер: Милош Ржига,Тренер: Сергей Орешкин,14.0,19.0,10.0,23.0,16.0,12.0,9,11,9,14,10,8,0.0,0.0,3,3,2,4,0,5,2,5,5,2,4,6,9.0,11.0,11.0,11.0,10.0,8.0,4,6,2,0,6,4,0,2,4,1,1,4,http://www.khl.ru/game/309/46611/protocol/
707,17.01.2016,СКА,Сибирь,2:2 3:0 1:0,"Главные судьи: Константин Оленин, Максим Сидоренко","Линейные судьи: Дмитрий Сивов, Сергей Шелянин",Тренер: Сергей Зубов,Тренер: Андрей Скабелка,17.0,17.0,18.0,19.0,25.0,17.0,8,8,10,9,19,11,0.0,0.0,6,7,5,3,1,2,3,4,2,2,2,3,16.0,5.0,15.0,9.0,9.0,9.0,6,4,3,1,4,6,1,3,3,1,1,3,http://www.khl.ru/game/309/46605/protocol/
711,18.01.2016,Северсталь,Локомотив,0:0 0:0 0:1,"Главные судьи: Сергей Беляев, Юрий Цыплаков","Линейные судьи: Дмитрий Голяк, Иван Сазонов",Тренер: Дмитрий Юшкевич,Тренер: Алексей Кудашов,18.0,10.0,13.0,25.0,9.0,21.0,7,6,8,13,3,12,0.0,0.0,1,5,4,3,5,4,2,4,3,3,4,0,12.0,7.0,10.0,9.0,7.0,10.0,5,3,1,0,3,5,0,1,0,0,0,0,http://www.khl.ru/game/309/46610/protocol/
709,17.01.2016,Динамо Р,Адмирал,1:0 1:1 2:1,"Главные судьи: Алексей Анисимов, Денис Бондарь","Линейные судьи: Константин Горденко, Виктор Томилов",Тренер: Нормундс Сейейс,Тренер: Александр Андриевский,10.0,24.0,23.0,24.0,18.0,16.0,4,8,8,7,11,8,0.0,0.0,6,3,4,4,1,3,8,8,4,3,2,5,9.0,15.0,9.0,9.0,15.0,8.0,4,4,1,0,4,4,0,1,4,1,1,4,http://www.khl.ru/game/309/46608/protocol/
708,17.01.2016,Спартак,Металлург Нк,2:0 0:2 0:1,"Главные судьи: Ильдар Сафиуллов, Павел Овчинников","Линейные судьи: Никита Вилюгин, Евгений Литвинов",Тренер: Герман Титов,Тренер: Николай Соловьёв,18.0,15.0,13.0,18.0,35.0,11.0,10,8,5,10,19,4,0.0,0.0,3,5,2,5,4,4,12,6,5,7,7,5,15.0,10.0,10.0,11.0,9.0,8.0,1,3,0,0,3,1,0,0,3,2,2,3,http://www.khl.ru/game/309/46607/protocol/
714,19.01.2016,Салават Юлаев,Трактор,0:0 0:0 0:1,"Главные судьи: Михаил Бутурлин, Анатолий Захаров","Линейные судьи: Алексей Майтак, Евгений Пронских",Тренер: Игорь Захаркин,Тренер: Анвар Гатиятулин,17.0,19.0,21.0,16.0,18.0,13.0,6,8,15,8,10,7,0.0,0.0,4,5,2,4,2,4,3,5,2,5,2,3,12.0,5.0,16.0,6.0,8.0,8.0,1,1,0,0,1,1,0,0,1,0,0,1,http://www.khl.ru/game/309/46612/protocol/
710,18.01.2016,Автомобилист,Металлург Мг,0:1 3:2 3:0,"Главные судьи: Антти Боман, Александр Соин","Линейные судьи: Александр Захаренков, Александр Садовников",Тренер: Андрей Разин,Тренер: Илья Воробьёв,15.0,22.0,14.0,16.0,11.0,16.0,7,10,10,8,7,8,0.0,0.0,6,3,2,1,5,0,3,1,3,2,2,8,10.0,7.0,8.0,14.0,11.0,2.0,2,4,2,0,4,2,0,2,6,1,1,6,http://www.khl.ru/game/309/46609/protocol/
703,17.01.2016,Барыс,Торпедо,1:0 2:2 2:0,"Главные судьи: Евгений Гамалей, Яков Деев","Линейные судьи: Дмитрий Головлёв, Андрей Матюша",Тренер: Андрей Назаров,Тренер: Петерис Скудра,16.0,12.0,18.0,16.0,12.0,19.0,5,5,13,10,8,13,0.0,0.0,3,6,2,2,6,1,10,8,11,7,5,3,11.0,8.0,12.0,12.0,10.0,8.0,4,2,3,1,2,4,1,3,2,1,1,2,http://www.khl.ru/game/309/46602/protocol/
701,16.01.2016,Медвешчак,Динамо Мск,0:0 1:1 1:0,"Главные судьи: Михаил Бутурлин, Виктор Гашилов","Линейные судьи: Глеб Лазарев, Роман Шиханов",Тренер: Горди Дуайер,Тренер: Сергей Орешкин,18.0,27.0,25.0,19.0,17.0,13.0,6,13,11,9,13,7,0.0,0.0,8,6,4,1,1,3,2,2,12,4,7,2,8.0,14.0,11.0,10.0,11.0,9.0,5,6,2,0,6,5,0,2,0,1,1,0,http://www.khl.ru/game/309/46600/protocol/
705,17.01.2016,Нефтехимик,Трактор,1:1 0:0 0:1,"Главные судьи: Эдуард Одиньш, Владимир Букин","Линейные судьи: Алексей Михель, Евгений Стрельцов",Тренер: Владимир Крикунов,Тренер: Анвар Гатиятулин,21.0,22.0,24.0,23.0,16.0,12.0,14,13,11,13,5,6,0.0,0.0,2,5,6,7,2,4,12,3,6,6,6,8,12.0,7.0,10.0,7.0,6.0,12.0,2,2,1,0,2,2,0,1,1,1,1,1,http://www.khl.ru/game/309/46604/protocol/
702,17.01.2016,Авангард,Динамо Мн,4:0 2:0 2:1,"Главные судьи: Анатолий Захаров, Роман Гофман","Линейные судьи: Степан Коршак, Александр Чернышёв",Тренер: Евгений Корноухов,Тренер: Андрей Ковалёв,18.0,12.0,21.0,11.0,16.0,8.0,11,8,11,7,11,6,0.0,0.0,2,4,3,6,0,3,6,1,2,2,2,3,14.0,7.0,10.0,6.0,10.0,9.0,1,3,0,0,3,1,0,0,8,1,1,8,http://www.khl.ru/game/309/46601/protocol/
706,17.01.2016,Йокерит,Амур,1:0 0:1 1:1 0:0 1:0,"Главные судьи: Сергей Кулаков, Даниэль Конц","Линейные судьи: Яков Палей, Александр Отмахов",Тренер: Эркка Вестерлунд,Тренер: Андрей Николишин,9.0,8.0,18.0,17.0,7.0,17.0,8,4,9,12,5,7,4,3,3,1,3,2,3,1,6,5,4,1,1,5,5.0,6.0,12.0,9.0,6.0,12.0,2,4,1,0,4,2,0,1,1,2,2,1,http://www.khl.ru/game/309/46606/protocol/
699,16.01.2016,Слован,Витязь,2:1 1:0 1:1,"Главные судьи: Алексей Белов, Роман Щенёв","Линейные судьи: Эдуард Метальников, Александр Сироткин",Тренер: Милош Ржига,Тренер: Равиль Якубов,24.0,11.0,16.0,20.0,31.0,11.0,15,6,8,11,20,5,0.0,0.0,2,6,3,9,1,6,2,2,1,1,2,9,7.0,13.0,16.0,9.0,15.0,6.0,4,7,1,0,7,4,0,1,3,2,2,3,http://www.khl.ru/game/309/46598/protocol/
704,17.01.2016,Югра,ЦСКА,0:1 0:1 0:3,"Главные судьи: Денис Наумов, Вячеслав Буланов","Линейные судьи: Дмитрий Парфёнов, Александр Сысуев",Тренер: Павел Езовских,Тренер: Дмитрий Квартальнов,10.0,16.0,8.0,25.0,14.0,14.0,8,10,5,13,9,9,0.0,0.0,4,2,8,0,0,3,7,6,10,7,9,7,10.0,13.0,10.0,13.0,8.0,6.0,10,9,2,0,9,10,0,2,2,0,0,2,http://www.khl.ru/game/309/46603/protocol/
700,16.01.2016,ХК Сочи,Локомотив,1:2 0:0 1:3,"Главные судьи: Алексей Васильев, Павел Комаров","Линейные судьи: Алексей Медведев, Станислав Раминг",Тренер: Вячеслав Буцаев,Тренер: Алексей Кудашов,21.0,17.0,26.0,12.0,17.0,13.0,12,9,13,6,10,9,0.0,0.0,2,5,3,6,2,2,6,3,5,5,5,3,9.0,12.0,10.0,8.0,8.0,11.0,1,4,0,0,4,1,0,0,4,2,2,4,http://www.khl.ru/game/309/46599/protocol/
695,15.01.2016,Йокерит,Сибирь,1:0 1:0 0:1,"Главные судьи: Алексей Раводин, Александр Сергеев","Линейные судьи: Яков Палей, Александр Отмахов",Тренер: Эркка Вестерлунд,Тренер: Андрей Скабелка,19.0,9.0,18.0,15.0,14.0,15.0,8,8,8,7,6,8,0.0,0.0,0,2,0,3,4,2,8,5,5,3,1,6,15.0,6.0,13.0,7.0,10.0,10.0,6,0,1,0,0,6,0,1,1,1,1,1,http://www.khl.ru/game/309/46594/protocol/
692,15.01.2016,Лада,Автомобилист,0:1 0:0 0:1,"Главные судьи: Эдуард Одиньш, Анатолий Захаров","Линейные судьи: Алексей Майтак, Евгений Пронских",Тренер: Артис Аболс,Тренер: Андрей Разин,21.0,16.0,32.0,7.0,12.0,9.0,4,7,6,4,3,5,0.0,0.0,4,9,1,13,4,5,10,4,6,6,4,6,7.0,9.0,3.0,11.0,11.0,6.0,1,3,0,0,3,1,0,0,2,0,0,2,http://www.khl.ru/game/309/46591/protocol/
693,15.01.2016,Нефтехимик,ЦСКА,0:2 0:0 0:0,"Главные судьи: Алексей Анисимов, Антти Боман","Линейные судьи: Дмитрий Парфёнов, Александр Сысуев",Тренер: Владимир Крикунов,Тренер: Дмитрий Квартальнов,14.0,13.0,11.0,35.0,20.0,11.0,9,6,6,17,9,3,0.0,0.0,4,3,9,3,2,5,7,8,8,4,9,6,14.0,8.0,6.0,16.0,13.0,10.0,4,5,0,0,5,4,0,0,1,0,0,1,http://www.khl.ru/game/309/46592/protocol/
691,15.01.2016,Трактор,Северсталь,2:0 0:1 0:0,"Главные судьи: Эдуард Ибатулин, Максим Сидоренко","Линейные судьи: Степан Коршак, Александр Чернышёв",Тренер: Анвар Гатиятулин,Тренер: Дмитрий Юшкевич,19.0,19.0,22.0,9.0,25.0,10.0,11,10,11,4,15,6,0.0,0.0,3,2,3,5,4,6,5,4,2,4,3,3,9.0,9.0,13.0,9.0,8.0,7.0,1,3,1,0,3,1,0,1,2,0,0,2,http://www.khl.ru/game/309/46590/protocol/
694,15.01.2016,Ак Барс,Югра,2:0 1:0 1:1,"Главные судьи: Артур Кулёв, Павел Овчинников","Линейные судьи: Никита Вилюгин, Евгений Литвинов",Тренер: Зинэтула Билялетдинов,Тренер: Павел Езовских,28.0,12.0,21.0,15.0,12.0,16.0,21,6,13,7,8,10,0.0,0.0,6,4,3,5,2,4,2,6,4,6,6,4,16.0,7.0,19.0,9.0,12.0,6.0,5,8,1,1,8,5,1,1,3,0,0,3,http://www.khl.ru/game/309/46593/protocol/
698,15.01.2016,Динамо Р,Металлург Нк,1:3 0:0 2:0 1:0,"Главные судьи: Денис Бондарь, Даниэль Конц","Линейные судьи: Константин Горденко, Виктор Томилов",Тренер: Нормундс Сейейс,Тренер: Николай Соловьёв,20.0,16.0,12.0,12.0,20.0,13.0,10,12,8,5,12,11,4,3,1,1,2,1,1,2,3,5,8,7,0,3,9.0,8.0,11.0,7.0,6.0,10.0,5,4,2,1,4,5,1,2,1,2,2,1,http://www.khl.ru/game/309/46597/protocol/
697,15.01.2016,Спартак,Адмирал,4:2 0:0 0:2 0:0 1:0,"Главные судьи: Антон Лаврентьев, Юрий Цыплаков","Линейные судьи: Алексей Михель, Евгений Стрельцов",Тренер: Герман Титов,Тренер: Александр Андриевский,19.0,19.0,12.0,23.0,7.0,15.0,12,13,8,10,7,10,0,4,2,1,0,0,2,0,3,4,5,2,4,3,13.0,11.0,11.0,8.0,10.0,7.0,6,6,1,0,6,6,0,1,4,2,2,4,http://www.khl.ru/game/309/46595/protocol/
696,15.01.2016,СКА,Амур,0:0 0:1 1:0 0:1,"Главные судьи: Ильдар Сафиуллов, Яков Деев","Линейные судьи: Дмитрий Голяк, Сергей Мисюрь",Тренер: Сергей Зубов,Тренер: Андрей Николишин,25.0,14.0,18.0,13.0,16.0,15.0,16,6,6,9,7,7,1,2,5,2,1,4,3,7,2,3,3,4,2,3,10.0,8.0,13.0,12.0,6.0,12.0,2,1,0,0,1,2,0,0,0,1,1,0,http://www.khl.ru/game/309/46596/protocol/
684,13.01.2016,Локомотив,Барыс,0:0 1:0 3:1,"Главные судьи: Анатолий Захаров, Эдуард Одиньш","Линейные судьи: Иван Назаров, Дмитрий Сивов",Тренер: Алексей Кудашов,Тренер: Андрей Назаров,19.0,20.0,24.0,18.0,22.0,14.0,11,12,9,9,14,6,0.0,0.0,6,3,6,6,6,2,4,9,1,5,4,5,7.0,10.0,9.0,14.0,11.0,10.0,3,3,1,0,3,3,0,1,3,1,1,3,http://www.khl.ru/game/309/46583/protocol/
687,13.01.2016,Динамо Р,Авангард,1:0 0:2 0:0,"Главные судьи: Антти Боман, Даниэль Конц","Линейные судьи: Дмитрий Голяк, Глеб Лазарев",Тренер: Нормундс Сейейс,Тренер: Евгений Корноухов,16.0,16.0,11.0,22.0,28.0,10.0,9,7,9,6,16,3,0.0,0.0,2,5,7,1,3,8,7,2,7,3,2,5,6.0,1.0,10.0,11.0,9.0,4.0,3,1,1,0,1,3,0,1,1,1,1,1,http://www.khl.ru/game/309/46586/protocol/
690,15.01.2016,Салават Юлаев,Динамо Мн,1:1 2:0 1:2,"Главные судьи: Антонин Йерабек, Евгений Гамалей","Линейные судьи: Пётр Алёшин, Александр Нестеров",Тренер: Игорь Захаркин,Тренер: Андрей Ковалёв,27.0,12.0,18.0,17.0,14.0,18.0,16,2,10,12,9,12,0.0,0.0,3,4,3,2,3,1,4,4,4,2,5,8,8.0,10.0,11.0,12.0,13.0,7.0,6,5,2,1,5,6,1,2,3,0,0,3,http://www.khl.ru/game/309/46589/protocol/
683,13.01.2016,Ак Барс,Автомобилист,1:0 0:2 0:0,"Главные судьи: Алексей Анисимов, Владимир Букин","Линейные судьи: Юрий Иванов, Александр Нестеров",Тренер: Зинэтула Билялетдинов,Тренер: Андрей Разин,14.0,12.0,25.0,17.0,28.0,3.0,7,6,11,12,10,1,0.0,0.0,4,0,2,6,2,6,7,5,7,4,4,2,8.0,10.0,5.0,12.0,10.0,7.0,1,2,0,0,2,1,0,0,2,1,1,2,http://www.khl.ru/game/309/46582/protocol/
686,13.01.2016,Спартак,Медвешчак,0:1 1:3 0:0,"Главные судьи: Яков Деев, Алексей Белов","Линейные судьи: Антон Понамаренко, Никита Шалагин",Тренер: Герман Титов,Тренер: Горди Дуайер,19.0,24.0,20.0,20.0,19.0,6.0,7,12,12,12,8,6,0.0,0.0,4,6,1,4,0,2,14,18,12,7,9,5,13.0,6.0,9.0,17.0,7.0,9.0,3,5,2,0,5,3,0,2,2,1,1,2,http://www.khl.ru/game/309/46584/protocol/
688,14.01.2016,ХК Сочи,Витязь,2:1 1:0 2:3,"Главные судьи: Сергей Беляев, Константин Оленин","Линейные судьи: Алексей Медведев, Станислав Раминг",Тренер: Вячеслав Буцаев,Тренер: Равиль Якубов,31.0,9.0,32.0,14.0,18.0,15.0,18,5,16,9,7,11,0.0,0.0,3,4,1,7,2,8,7,8,3,8,2,3,12.0,4.0,14.0,6.0,20.0,4.0,4,6,1,0,6,4,0,1,5,3,3,5,http://www.khl.ru/game/309/46587/protocol/
685,13.01.2016,СКА,Слован,1:0 1:0 1:2,"Главные судьи: Рафаэль Кадыров, Павел Комаров","Линейные судьи: Александр Садовников, Александр Захаренков",Тренер: Сергей Зубов,Тренер: Милош Ржига,16.0,15.0,21.0,13.0,21.0,22.0,10,8,16,9,15,15,0.0,0.0,4,1,1,1,6,4,3,3,2,3,2,3,8.0,13.0,15.0,9.0,15.0,13.0,1,3,0,0,3,1,0,0,2,1,1,2,http://www.khl.ru/game/309/46585/protocol/
689,15.01.2016,Металлург Мг,Торпедо,0:1 1:0 0:0 0:0 1:0,"Главные судьи: Вячеслав Буланов, Роман Гофман","Линейные судьи: Дмитрий Сивов, Сергей Шелянин",Тренер: Илья Воробьёв,Тренер: Петерис Скудра,9.0,20.0,25.0,12.0,14.0,15.0,7,12,9,6,8,7,3,2,5,2,1,9,3,4,5,5,4,1,5,5,10.0,6.0,10.0,10.0,7.0,10.0,5,3,1,0,3,5,0,1,0,0,0,0,http://www.khl.ru/game/309/46588/protocol/
679,13.01.2016,Салават Юлаев,Торпедо,0:0 1:2 0:1,"Главные судьи: Михаил Бутурлин, Алексей Раводин","Линейные судьи: Дмитрий Головлёв, Сергей Мисюрь",Тренер: Игорь Захаркин,Тренер: Петерис Скудра,18.0,13.0,15.0,14.0,13.0,10.0,7,6,11,8,6,6,0.0,0.0,5,7,2,2,3,5,5,7,4,7,6,5,9.0,4.0,12.0,7.0,10.0,7.0,3,5,1,0,5,3,0,1,2,1,1,2,http://www.khl.ru/game/309/46579/protocol/
676,11.01.2016,Спартак,Слован,0:2 0:1 0:1,"Главные судьи: Эдуард Одиньш, Владимир Букин","Линейные судьи: Александр Отмахов, Дмитрий Голяк",Тренер: Герман Титов,Тренер: Милош Ржига,16.0,16.0,15.0,18.0,10.0,14.0,9,11,11,9,2,7,0.0,0.0,1,2,6,1,3,2,9,15,4,5,7,3,12.0,9.0,6.0,14.0,12.0,8.0,5,5,0,0,5,5,0,0,3,0,0,3,http://www.khl.ru/game/309/46572/protocol/
680,13.01.2016,Трактор,ЦСКА,0:1 0:2 0:0,"Главные судьи: Антонин Йерабек, Александр Соин","Линейные судьи: Константин Горденко, Виктор Томилов",Тренер: Анвар Гатиятулин,Тренер: Дмитрий Квартальнов,15.0,21.0,9.0,24.0,16.0,22.0,5,11,4,15,7,10,0.0,0.0,4,6,4,1,8,2,10,6,10,7,5,3,8.0,13.0,7.0,14.0,4.0,6.0,4,3,0,0,3,4,0,0,3,0,0,3,http://www.khl.ru/game/309/46577/protocol/
681,13.01.2016,Лада,Югра,1:1 2:1 2:0,"Главные судьи: Эдуард Ибатулин, Ильдар Сафиуллов","Линейные судьи: Максим Берсенёв, Евгений Юдин",Тренер: Артис Аболс,Тренер: Павел Езовских,18.0,12.0,19.0,17.0,13.0,18.0,7,7,9,12,7,11,0.0,0.0,3,4,1,2,1,2,4,6,6,9,3,7,16.0,5.0,13.0,8.0,9.0,14.0,5,5,2,1,5,5,1,2,3,1,1,3,http://www.khl.ru/game/309/46580/protocol/
682,13.01.2016,Нефтехимик,Северсталь,2:0 1:0 0:0,"Главные судьи: Денис Наумов, Юрий Оскирко","Линейные судьи: Дмитрий Парфёнов, Александр Сысуев",Тренер: Владимир Крикунов,Тренер: Дмитрий Юшкевич,30.0,16.0,15.0,18.0,12.0,19.0,20,7,7,11,6,8,0.0,0.0,3,5,4,6,6,4,8,3,7,3,6,7,15.0,8.0,10.0,7.0,11.0,2.0,4,2,1,0,2,4,0,1,2,0,0,2,http://www.khl.ru/game/309/46581/protocol/
678,13.01.2016,Металлург Мг,Динамо Мн,1:1 1:0 3:0,"Главные судьи: Артур Кулёв, Владислав Киселёв","Линейные судьи: Алексей Майтак, Евгений Пронских",Тренер: Илья Воробьёв,Тренер: Андрей Ковалёв,17.0,18.0,15.0,17.0,20.0,15.0,13,12,9,11,12,9,0.0,0.0,3,4,2,1,2,4,8,3,7,4,2,1,12.0,10.0,10.0,7.0,12.0,8.0,6,3,1,0,3,6,0,1,4,1,1,4,http://www.khl.ru/game/309/46578/protocol/
677,12.01.2016,Динамо Мск,Йокерит,2:0 1:2 0:0,"Главные судьи: Вячеслав Буланов, Александр Сергеев","Линейные судьи: Александр Отмахов, Яков Палей",Тренер: Сергей Орешкин,Тренер: Эркка Вестерлунд,18.0,19.0,18.0,31.0,13.0,32.0,9,13,11,15,5,14,0.0,0.0,2,2,11,5,9,4,3,3,4,5,4,6,11.0,6.0,12.0,11.0,7.0,11.0,2,2,1,1,2,2,1,1,2,1,1,2,http://www.khl.ru/game/309/46576/protocol/
675,11.01.2016,СКА,Медвешчак,0:0 2:0 3:3,"Главные судьи: Константин Оленин, Александр Соин","Линейные судьи: Алексей Михель, Евгений Стрельцов",Тренер: Сергей Зубов,Тренер: Горди Дуайер,12.0,22.0,22.0,15.0,20.0,12.0,6,11,16,10,11,6,0.0,0.0,5,4,1,3,0,3,3,1,1,2,1,1,7.0,10.0,17.0,12.0,8.0,15.0,8,5,2,1,5,8,1,2,3,2,2,3,http://www.khl.ru/game/309/46573/protocol/
673,11.01.2016,Ак Барс,Авангард,0:1 0:1 0:1,"Главные судьи: Вячеслав Буланов, Антонин Йерабек","Линейные судьи: Александр Захаренков, Глеб Лазарев",Тренер: Зинэтула Билялетдинов,Тренер: Евгений Корноухов,13.0,20.0,11.0,24.0,21.0,16.0,7,11,6,14,11,10,0.0,0.0,7,3,4,3,0,5,5,3,1,0,2,0,8.0,7.0,12.0,9.0,10.0,10.0,5,4,1,0,4,5,0,1,2,0,0,2,http://www.khl.ru/game/309/46574/protocol/
667,10.01.2016,Витязь,Йокерит,0:1 1:1 0:1,"Главные судьи: Алексей Анисимов, Антонин Йерабек","Линейные судьи: Алексей Михель, Евгений Стрельцов",Тренер: Равиль Якубов,Тренер: Эркка Вестерлунд,9.0,21.0,18.0,9.0,15.0,13.0,6,12,8,6,8,8,0.0,0.0,8,0,2,6,1,5,7,1,8,4,2,7,8.0,9.0,8.0,8.0,5.0,7.0,5,3,0,0,3,5,0,0,3,1,1,3,http://www.khl.ru/game/309/46566/protocol/
671,11.01.2016,Югра,Северсталь,0:0 1:1 0:1,"Главные судьи: Сергей Беляев, Евгений Гамалей","Линейные судьи: Торнике Кучава, Никита Новиков",Тренер: Павел Езовских,Тренер: Дмитрий Юшкевич,16.0,16.0,16.0,14.0,14.0,15.0,13,9,10,6,10,9,0.0,0.0,3,0,2,2,4,1,4,4,2,1,3,2,9.0,6.0,12.0,10.0,12.0,11.0,6,4,1,0,4,6,0,1,1,1,1,1,http://www.khl.ru/game/309/46570/protocol/
672,11.01.2016,Лада,Барыс,1:1 0:1 0:2,"Главные судьи: Юрий Оскирко, Юрий Цыплаков","Линейные судьи: Степан Коршак, Александр Чернышёв",Тренер: Артис Аболс,Тренер: Андрей Назаров,29.0,12.0,24.0,16.0,13.0,15.0,10,7,12,13,7,8,0.0,0.0,2,7,2,4,2,3,6,3,3,4,5,3,7.0,9.0,10.0,11.0,9.0,6.0,4,2,1,0,2,4,0,1,4,0,0,4,http://www.khl.ru/game/309/46571/protocol/
674,11.01.2016,Локомотив,Торпедо,0:0 0:0 3:0,"Главные судьи: Алексей Анисимов, Сергей Гусев","Линейные судьи: Алексей Медведев, Сергей Шелянин",Тренер: Алексей Кудашов,Тренер: Петерис Скудра,13.0,20.0,18.0,13.0,25.0,10.0,8,8,6,12,16,7,0.0,0.0,7,1,2,8,1,2,6,6,6,5,5,4,13.0,9.0,5.0,7.0,7.0,9.0,3,4,1,0,4,3,0,1,1,0,0,1,http://www.khl.ru/game/309/46575/protocol/
670,11.01.2016,Автомобилист,ЦСКА,1:1 0:0 0:0 0:0 0:1,"Главные судьи: Виктор Гашилов, Максим Сидоренко","Линейные судьи: Эдуард Метальников, Александр Сироткин",Тренер: Андрей Разин,Тренер: Дмитрий Квартальнов,14.0,13.0,17.0,11.0,8.0,14.0,8,6,9,2,4,5,2,5,4,2,5,4,1,1,8,2,4,3,6,5,12.0,8.0,12.0,7.0,12.0,7.0,2,5,0,0,5,2,0,0,1,1,1,1,http://www.khl.ru/game/309/46569/protocol/
668,10.01.2016,Динамо Мн,ХК Сочи,0:0 0:0 2:2 0:0 0:1,"Главные судьи: Денис Бондарь, Эдуард Одиньш","Линейные судьи: Сергей Мисюрь, Александр Отмахов",Тренер: Андрей Ковалёв,Тренер: Вячеслав Буцаев,7.0,20.0,16.0,15.0,24.0,18.0,3,11,10,8,9,12,1,5,3,1,2,1,1,4,1,4,6,6,2,4,6.0,11.0,14.0,9.0,15.0,9.0,6,3,2,0,3,6,0,2,2,0,0,2,http://www.khl.ru/game/309/46567/protocol/
669,10.01.2016,Динамо Мск,Динамо Р,0:0 1:0 1:1,"Главные судьи: Антти Боман, Алексей Васильев","Линейные судьи: Пётр Алёшин, Александр Нестеров",Тренер: Сергей Орешкин,Тренер: Нормундс Сейейс,26.0,14.0,32.0,9.0,18.0,13.0,11,11,18,4,8,4,0.0,0.0,2,9,1,7,2,3,2,8,1,1,2,3,10.0,7.0,14.0,9.0,13.0,3.0,3,4,1,1,4,3,1,1,1,0,0,1,http://www.khl.ru/game/309/46568/protocol/
662,09.01.2016,Лада,Авангард,0:0 0:1 0:1,"Главные судьи: Сергей Беляев, Владислав Киселёв","Линейные судьи: Алексей Медведев, Иван Назаров",Тренер: Артис Аболс,Тренер: Евгений Корноухов,9.0,13.0,19.0,13.0,10.0,10.0,3,8,7,8,7,6,0.0,0.0,4,1,4,1,3,1,6,5,7,4,4,4,13.0,9.0,7.0,9.0,5.0,8.0,3,4,1,0,4,3,0,1,1,0,0,1,http://www.khl.ru/game/309/46561/protocol/
661,09.01.2016,Автомобилист,Северсталь,0:1 0:0 0:1,"Главные судьи: Яков Деев, Антон Лаврентьев","Линейные судьи: Дмитрий Парфёнов, Виктор Томилов",Тренер: Дмитрий Попов,Тренер: Дмитрий Юшкевич,7.0,13.0,16.0,13.0,20.0,10.0,6,9,9,5,14,5,0.0,0.0,1,0,3,3,0,2,5,1,4,4,5,1,6.0,7.0,7.0,7.0,12.0,9.0,4,5,1,0,5,4,0,1,1,0,0,1,http://www.khl.ru/game/309/46560/protocol/
663,10.01.2016,Амур,Нефтехимик,0:1 1:2 1:0,"Главные судьи: Михаил Бутурлин, Роман Щенёв","Линейные судьи: Яков Палей, Станислав Раминг",Тренер: Андрей Николишин,Тренер: Владимир Крикунов,15.0,17.0,26.0,26.0,24.0,6.0,9,13,17,17,16,3,0.0,0.0,2,4,4,6,1,7,5,7,6,5,8,8,9.0,4.0,13.0,13.0,15.0,6.0,2,3,1,0,3,2,0,1,2,2,2,2,http://www.khl.ru/game/309/46562/protocol/
660,08.01.2016,Медвешчак,Спартак,1:1 0:1 0:0,"Главные судьи: Денис Наумов, Юрий Оскирко","Линейные судьи: Евгений Пронских, Алексей Майтак",Тренер: Горди Дуайер,Тренер: Герман Титов,17.0,16.0,13.0,22.0,14.0,23.0,10,10,6,9,8,12,0.0,0.0,0,4,4,7,1,6,4,4,2,3,4,1,7.0,11.0,9.0,15.0,11.0,12.0,7,5,2,0,5,7,0,2,0,1,1,0,http://www.khl.ru/game/309/46559/protocol/
666,10.01.2016,Сибирь,Металлург Мг,1:0 0:1 1:5,"Главные судьи: Павел Комаров, Алексей Раводин","Линейные судьи: Константин Горденко, Александр Сысуев",Тренер: Андрей Скабелка,Тренер: Илья Воробьёв,12.0,24.0,17.0,28.0,14.0,27.0,8,15,10,15,11,21,0.0,0.0,7,4,7,3,2,2,12,8,6,2,3,6,8.0,8.0,9.0,5.0,13.0,13.0,4,3,2,1,3,4,1,2,5,0,0,5,http://www.khl.ru/game/309/46565/protocol/
659,08.01.2016,ЦСКА,СКА,0:2 2:0 2:0,"Главные судьи: Алексей Анисимов, Роман Гофман","Линейные судьи: Дмитрий Сивов, Роман Шиханов",Тренер: Дмитрий Квартальнов,Тренер: Сергей Зубов,12.0,24.0,39.0,11.0,21.0,18.0,5,11,21,4,13,8,0.0,0.0,10,5,2,6,6,4,9,5,4,9,5,9,9.0,13.0,14.0,3.0,11.0,4.0,6,3,1,0,3,6,0,1,4,1,1,4,http://www.khl.ru/game/309/46555/protocol/
664,10.01.2016,Адмирал,Трактор,1:1 2:1 0:1 1:0,"Главные судьи: Анатолий Захаров, Александр Сергеев","Линейные судьи: Андрей Матюша, Иван Сазонов",Тренер: Александр Андриевский,Тренер: Анвар Гатиятулин,19.0,18.0,18.0,11.0,14.0,14.0,12,11,9,4,8,6,1,0,0,3,2,4,3,2,5,9,3,5,5,4,8.0,15.0,20.0,5.0,7.0,10.0,3,6,2,3,6,3,3,2,1,1,1,1,http://www.khl.ru/game/309/46563/protocol/
665,10.01.2016,Металлург Нк,Салават Юлаев,0:3 1:1 0:1,"Главные судьи: Сергей Кулаков, Денис Наумов","Линейные судьи: Александр Садовников, Роман Шиханов",Тренер: Николай Соловьёв,Тренер: Игорь Захаркин,18.0,14.0,13.0,22.0,30.0,11.0,7,7,13,11,21,10,0.0,0.0,2,4,4,1,2,6,6,6,7,6,3,2,12.0,5.0,12.0,11.0,14.0,9.0,4,5,1,0,5,4,0,1,4,1,1,4,http://www.khl.ru/game/309/46564/protocol/
656,08.01.2016,Динамо Мн,Локомотив,0:0 0:0 1:0,"Главные судьи: Владимир Букин, Александр Соин","Линейные судьи: Александр Захаренков, Сергей Шелянин",Тренер: Андрей Ковалёв,Тренер: Алексей Кудашов,23.0,16.0,6.0,26.0,8.0,18.0,10,7,4,12,6,12,0.0,0.0,0,4,8,0,1,0,4,3,3,4,3,0,15.0,7.0,7.0,6.0,12.0,12.0,1,2,0,0,2,1,0,0,1,0,0,1,http://www.khl.ru/game/309/46558/protocol/
651,08.01.2016,Амур,Трактор,4:0 1:2 0:1,"Главные судьи: Михаил Бутурлин, Виктор Гашилов","Линейные судьи: Яков Палей, Станислав Раминг",Тренер: Андрей Николишин,Тренер: Анвар Гатиятулин,14.0,32.0,20.0,21.0,16.0,14.0,10,22,12,15,11,6,0.0,0.0,6,3,4,5,6,2,6,11,3,7,8,5,5.0,13.0,11.0,10.0,10.0,11.0,2,3,0,0,3,2,0,0,5,3,3,5,http://www.khl.ru/game/309/46550/protocol/
655,08.01.2016,Витязь,Динамо Р,1:1 0:0 0:2,"Главные судьи: Рафаэль Кадыров, Павел Комаров","Линейные судьи: Торнике Кучава, Никита Новиков",Тренер: Равиль Якубов,Тренер: Нормундс Сейейс,18.0,15.0,18.0,18.0,16.0,21.0,11,11,11,11,9,14,0.0,0.0,4,4,4,6,2,3,9,8,6,10,0,5,9.0,12.0,11.0,12.0,8.0,13.0,4,5,0,0,5,4,0,0,3,1,1,3,http://www.khl.ru/game/309/46556/protocol/
657,08.01.2016,Йокерит,Динамо Мск,1:0 1:1 0:1 0:0 0:1,"Главные судьи: Эдуард Одиньш, Константин Оленин","Линейные судьи: Константин Горденко, Александр Сысуев",Тренер: Эркка Вестерлунд,Тренер: Сергей Орешкин,21.0,18.0,8.0,16.0,15.0,13.0,13,10,4,12,11,8,1,0,3,3,1,2,4,3,6,5,5,6,6,1,11.0,11.0,12.0,8.0,11.0,6.0,2,7,1,1,7,2,1,1,1,1,1,1,http://www.khl.ru/game/309/46554/protocol/
658,08.01.2016,Торпедо,ХК Сочи,3:1 1:0 1:0,"Главные судьи: Максим Сидоренко, Антти Боман","Линейные судьи: Глеб Лазарев, Дмитрий Головлёв",Тренер: Петерис Скудра,Тренер: Вячеслав Буцаев,23.0,13.0,16.0,14.0,15.0,20.0,13,6,10,10,6,13,0.0,0.0,4,7,0,3,3,3,6,11,7,6,3,5,17.0,3.0,8.0,14.0,16.0,10.0,2,3,1,0,3,2,0,1,3,1,1,3,http://www.khl.ru/game/309/46557/protocol/
654,08.01.2016,Сибирь,Салават Юлаев,0:2 2:0 2:2 0:0 1:0,"Главные судьи: Вячеслав Буланов, Алексей Васильев","Линейные судьи: Пётр Алёшин, Юрий Иванов",Тренер: Андрей Скабелка,Тренер: Игорь Захаркин,17.0,30.0,22.0,10.0,20.0,17.0,7,20,12,5,17,10,1,5,5,3,1,3,2,1,8,11,7,4,5,7,4.0,11.0,9.0,7.0,10.0,14.0,3,3,1,1,3,3,1,1,3,3,3,3,http://www.khl.ru/game/309/46553/protocol/
653,08.01.2016,Металлург Нк,Металлург Мг,0:1 0:2 3:4,"Главные судьи: Сергей Гусев, Антонин Йерабек","Линейные судьи: Сергей Мисюрь, Александр Садовников",Тренер: Николай Соловьёв,Тренер: Илья Воробьёв,28.0,18.0,17.0,26.0,19.0,15.0,17,9,7,19,13,10,0.0,0.0,6,5,4,3,3,3,6,8,4,7,5,8,13.0,6.0,4.0,12.0,9.0,10.0,6,4,1,0,4,6,0,1,5,3,3,5,http://www.khl.ru/game/309/46552/protocol/
652,08.01.2016,Адмирал,Нефтехимик,0:0 2:1 1:0,"Главные судьи: Евгений Гамалей, Александр Сергеев","Линейные судьи: Андрей Матюша, Иван Сазонов",Тренер: Александр Андриевский,Тренер: Владимир Крикунов,15.0,18.0,18.0,22.0,17.0,20.0,7,8,11,13,8,12,0.0,0.0,6,3,3,4,4,2,4,5,1,5,2,4,11.0,11.0,12.0,11.0,14.0,8.0,4,2,2,0,2,4,0,2,1,1,1,1,http://www.khl.ru/game/309/46551/protocol/
642,06.01.2016,Северсталь,ХК Сочи,1:0 1:0 0:2 0:0 1:0,"Главные судьи: Анатолий Захаров, Александр Соин","Линейные судьи: Степан Коршак, Александр Чернышёв",Тренер: Дмитрий Юшкевич,Тренер: Вячеслав Буцаев,17.0,12.0,20.0,15.0,16.0,16.0,10,7,15,6,10,9,1,8,4,4,4,2,4,3,2,1,3,2,1,3,7.0,11.0,9.0,5.0,6.0,14.0,4,4,0,0,4,4,0,0,2,2,2,2,http://www.khl.ru/game/309/46541/protocol/
650,07.01.2016,Авангард,Автомобилист,2:0 0:0 1:0,"Главные судьи: Ильдар Сафиуллов, Денис Бондарь","Линейные судьи: Максим Берсенёв, Евгений Юдин",Тренер: Евгений Корноухов,Тренер: Андрей Разин,18.0,17.0,15.0,12.0,13.0,12.0,13,10,6,7,8,8,0.0,0.0,3,4,3,4,1,1,4,3,4,5,1,6,14.0,6.0,11.0,5.0,9.0,10.0,3,4,1,0,4,3,0,1,2,0,0,2,http://www.khl.ru/game/309/46549/protocol/
649,06.01.2016,Динамо Р,Медвешчак,0:1 0:1 2:3,"Главные судьи: Максим Сидоренко, Алексей Раводин","Линейные судьи: Яков Палей, Станислав Раминг",Тренер: Кари Хейккиля,Тренер: Горди Дуайер,14.0,23.0,12.0,17.0,22.0,16.0,9,14,7,10,10,8,0.0,0.0,4,4,3,2,1,6,5,4,6,5,1,4,9.0,14.0,6.0,10.0,10.0,13.0,4,8,0,0,8,4,0,0,5,2,2,5,http://www.khl.ru/game/309/46548/protocol/
643,06.01.2016,Витязь,СКА,2:0 0:2 0:2,"Главные судьи: Антти Боман, Александр Сергеев","Линейные судьи: Александр Захаренков, Сергей Шелянин",Тренер: Равиль Якубов,Тренер: Сергей Зубов,12.0,18.0,8.0,34.0,15.0,23.0,9,14,5,22,11,16,0.0,0.0,1,2,8,1,3,2,8,8,4,5,6,5,8.0,13.0,14.0,6.0,7.0,11.0,4,5,1,1,5,4,1,1,3,1,1,3,http://www.khl.ru/game/309/46542/protocol/
647,06.01.2016,Торпедо,Ак Барс,0:0 0:1 2:1 0:0 1:0,"Главные судьи: Сергей Кулаков, Эдуард Одиньш","Линейные судьи: Александр Сироткин, Эдуард Метальников",Тренер: Петерис Скудра,Тренер: Зинэтула Билялетдинов,11.0,15.0,16.0,7.0,14.0,17.0,7,12,9,6,8,9,1,1,2,2,1,2,1,1,2,4,3,9,0,3,11.0,7.0,11.0,8.0,11.0,15.0,2,3,1,0,3,2,0,1,1,1,1,1,http://www.khl.ru/game/309/46543/protocol/
646,06.01.2016,Слован,Йокерит,1:0 1:1 2:1,"Главные судьи: Сергей Беляев, Денис Наумов","Линейные судьи: Дмитрий Головлёв, Глеб Лазарев",Тренер: Милош Ржига,Тренер: Эркка Вестерлунд,12.0,21.0,17.0,20.0,15.0,19.0,11,10,5,10,10,9,0.0,0.0,7,2,3,6,5,4,3,3,5,2,0,4,8.0,11.0,10.0,13.0,8.0,9.0,6,3,0,0,3,6,0,0,4,2,2,4,http://www.khl.ru/game/309/46545/protocol/
644,06.01.2016,Динамо Мн,Лада,1:0 1:2 0:0 0:0 0:1,"Главные судьи: Артур Кулёв, Юрий Цыплаков","Линейные судьи: Александр Нестеров, Иван Сазонов",Тренер: Андрей Ковалёв,Тренер: Артис Аболс,18.0,11.0,17.0,20.0,9.0,11.0,8,8,12,10,5,7,4,1,1,4,4,2,2,3,1,6,2,4,2,3,8.0,10.0,17.0,5.0,11.0,3.0,1,4,1,1,4,1,1,1,1,1,1,1,http://www.khl.ru/game/309/46544/protocol/
648,06.01.2016,ЦСКА,Локомотив,3:0 1:0 0:0,"Главные судьи: Владислав Киселёв, Константин Оленин","Линейные судьи: Константин Горденко, Александр Сысуев",Тренер: Дмитрий Квартальнов,Тренер: Алексей Кудашов,17.0,22.0,26.0,18.0,18.0,17.0,11,10,13,8,8,10,0.0,0.0,7,3,6,7,5,6,12,12,8,10,7,6,12.0,10.0,12.0,10.0,15.0,8.0,2,5,1,0,5,2,0,1,3,0,0,3,http://www.khl.ru/game/309/46547/protocol/
635,04.01.2016,Медвешчак,Йокерит,1:0 0:3 1:1,"Главные судьи: Константин Оленин, Александр Соин","Линейные судьи: Дмитрий Голяк, Александр Садовников",Тренер: Горди Дуайер,Тренер: Эркка Вестерлунд,22.0,20.0,12.0,23.0,28.0,10.0,11,12,7,13,18,6,0.0,0.0,5,7,5,2,1,3,4,2,6,2,3,5,11.0,11.0,12.0,14.0,9.0,13.0,9,10,2,1,10,9,1,2,2,1,1,2,http://www.khl.ru/game/309/46534/protocol/
638,06.01.2016,Амур,Салават Юлаев,1:1 3:2 0:1 1:0,"Главные судьи: Алексей Белов, Виктор Гашилов","Линейные судьи: Иван Назаров, Дмитрий Сивов",Тренер: Андрей Николишин,Тренер: Игорь Захаркин,17.0,19.0,27.0,20.0,16.0,17.0,12,14,18,16,13,11,1,1,1,1,3,4,4,0,8,6,4,3,7,3,11.0,10.0,13.0,14.0,11.0,12.0,4,5,3,2,5,4,2,3,2,1,1,2,http://www.khl.ru/game/309/46537/protocol/
634,04.01.2016,Динамо Р,Слован,0:1 1:0 0:0 0:0 0:1,"Главные судьи: Вячеслав Буланов, Максим Сидоренко","Линейные судьи: Станислав Раминг, Яков Палей",Тренер: Кари Хейккиля,Тренер: Милош Ржига,21.0,13.0,12.0,22.0,11.0,21.0,8,8,5,12,7,10,2,5,3,7,4,3,2,2,10,6,3,3,4,2,9.0,5.0,8.0,13.0,8.0,12.0,2,2,0,0,2,2,0,0,1,1,1,1,http://www.khl.ru/game/309/46533/protocol/
641,06.01.2016,Сибирь,Нефтехимик,0:0 0:0 2:1,"Главные судьи: Сергей Гусев, Антонин Йерабек","Линейные судьи: Андрей Матюша, Сергей Мисюрь",Тренер: Андрей Скабелка,Тренер: Владимир Крикунов,14.0,20.0,27.0,12.0,22.0,10.0,7,10,13,4,16,7,0.0,0.0,6,4,5,9,2,2,5,6,7,4,3,10,6.0,14.0,12.0,12.0,13.0,8.0,3,3,0,0,3,3,0,0,2,1,1,2,http://www.khl.ru/game/309/46540/protocol/
637,05.01.2016,Барыс,Автомобилист,0:2 2:0 2:1,"Главные судьи: Владимир Букин, Павел Комаров","Линейные судьи: Торнике Кучава, Никита Новиков",Тренер: Андрей Назаров,Тренер: Андрей Разин,20.0,15.0,17.0,10.0,21,12,13,8,8,9,11,10,0.0,0.0,6,3,1,4,2,7,4,5,5,5,5,6,13.0,10.0,5.0,9.0,18,10,1,4,1,1,4,1,1,1,3,2,2,3,http://www.khl.ru/game/309/46536/protocol/
636,05.01.2016,Авангард,Югра,1:0 0:0 0:1 0:1,"Главные судьи: Яков Деев, Павел Овчинников","Линейные судьи: Алексей Михель, Евгений Стрельцов",Тренер: Евгений Корноухов,Тренер: Павел Езовских,38.0,6.0,7.0,20.0,17.0,19.0,20,2,2,10,10,11,0,1,2,8,2,3,2,4,0,9,3,4,2,1,16.0,6.0,6.0,13.0,15.0,7.0,3,4,0,0,4,3,0,0,1,1,1,1,http://www.khl.ru/game/309/46535/protocol/
639,06.01.2016,Адмирал,Металлург Мг,1:0 1:0 0:0,"Главные судьи: Роман Гофман, Евгений Гамалей","Линейные судьи: Алексей Медведев, Роман Шиханов",Тренер: Александр Андриевский,Тренер: Илья Воробьёв,30.0,15.0,17.0,13.0,12.0,21.0,19,6,10,9,6,7,0.0,0.0,5,5,1,1,7,2,9,7,3,3,5,4,12.0,15.0,16.0,7.0,8.0,9.0,7,5,1,0,5,7,0,1,1,0,0,1,http://www.khl.ru/game/309/46538/protocol/
640,06.01.2016,Металлург Нк,Трактор,1:1 0:0 1:2,"Главные судьи: Вячеслав Буланов, Алексей Васильев","Линейные судьи: Пётр Алёшин, Юрий Иванов",Тренер: Николай Соловьёв,Тренер: Анвар Гатиятулин,13.0,31.0,17.0,25.0,29.0,15.0,7,18,9,15,14,8,0.0,0.0,9,4,2,2,4,6,4,8,8,5,2,3,11.0,15.0,10.0,8.0,11.0,9.0,5,4,1,0,4,5,0,1,2,2,2,2,http://www.khl.ru/game/309/46539/protocol/
628,04.01.2016,Сибирь,Трактор,0:0 1:1 2:0,"Главные судьи: Виктор Гашилов, Юрий Оскирко","Линейные судьи: Алексей Михель, Евгений Стрельцов",Тренер: Андрей Скабелка,Тренер: Анвар Гатиятулин,23.0,17.0,16.0,19.0,16.0,19.0,9,7,11,8,10,14,0.0,0.0,3,6,4,4,3,3,10,9,7,6,3,7,10.0,6.0,7.0,9.0,8.0,15.0,4,3,1,0,3,4,0,1,2,1,1,2,http://www.khl.ru/game/309/46527/protocol/
633,04.01.2016,ЦСКА,ХК Сочи,0:0 1:1 0:1,"Главные судьи: Антти Боман, Денис Наумов","Линейные судьи: Дмитрий Головлёв, Глеб Лазарев",Тренер: Дмитрий Квартальнов,Тренер: Вячеслав Буцаев,22.0,17.0,27.0,28.0,17.0,23.0,10,9,17,9,10,12,0.0,0.0,6,8,7,7,6,4,5,6,6,4,6,0,6.0,7.0,12.0,11.0,15.0,10.0,2,1,1,0,1,2,0,1,1,0,0,1,http://www.khl.ru/game/309/46531/protocol/
629,04.01.2016,Северсталь,Локомотив,1:0 0:2 0:0,"Главные судьи: Рафаэль Кадыров, Антон Лаврентьев","Линейные судьи: Александр Нестеров, Дмитрий Шишло",Тренер: Дмитрий Юшкевич,Тренер: Алексей Кудашов,9.0,13.0,15.0,18.0,12.0,18.0,3,6,10,14,4,7,0.0,0.0,5,4,3,3,4,6,6,6,1,4,1,2,12.0,7.0,7.0,6.0,4.0,13.0,4,3,1,0,3,4,0,1,1,1,1,1,http://www.khl.ru/game/309/46528/protocol/
630,04.01.2016,Динамо Мн,Ак Барс,1:1 1:2 0:1,"Главные судьи: Евгений Гамалей, Анатолий Захаров","Линейные судьи: Алексей Майтак, Евгений Пронских",Тренер: Андрей Ковалёв,Тренер: Зинэтула Билялетдинов,14.0,16.0,15.0,22.0,14.0,15.0,11,9,11,10,8,8,0.0,0.0,2,1,4,1,3,3,5,3,2,3,2,3,9.0,2.0,7.0,8.0,11.0,8.0,3,3,1,1,3,3,1,1,3,1,1,3,http://www.khl.ru/game/309/46529/protocol/
626,04.01.2016,Адмирал,Салават Юлаев,0:3 1:0 1:1,"Главные судьи: Роман Гофман, Роман Щенёв","Линейные судьи: Алексей Медведев, Роман Шиханов",Тренер: Александр Андриевский,Тренер: Игорь Захаркин,18.0,21.0,23.0,8.0,25.0,10.0,7,19,12,5,17,6,0.0,0.0,0,5,3,5,1,2,4,2,5,0,1,0,12.0,11.0,10.0,12.0,14.0,11.0,7,8,1,1,8,7,1,1,2,1,1,2,http://www.khl.ru/game/309/46525/protocol/
632,04.01.2016,Торпедо,Лада,2:0 2:0 0:0,"Главные судьи: Денис Бондарь, Владислав Киселёв","Линейные судьи: Виктор Томилов, Дмитрий Парфёнов",Тренер: Петерис Скудра,Тренер: Артис Аболс,22.0,8.0,19.0,7.0,8.0,16.0,11,2,9,6,3,7,0.0,0.0,3,4,3,4,1,1,3,2,0,5,2,4,11.0,6.0,13.0,8.0,4.0,7.0,5,3,1,0,3,5,0,1,3,0,0,3,http://www.khl.ru/game/309/46532/protocol/
631,04.01.2016,Динамо Мск,СКА,1:1 2:0 2:0,"Главные судьи: Антонин Йерабек, Алексей Раводин","Линейные судьи: Александр Захаренков, Сергей Шелянин",Тренер: Сергей Орешкин,Тренер: Сергей Зубов,25.0,18.0,15.0,23.0,9.0,28.0,10,11,8,7,5,13,0.0,0.0,3,4,11,4,9,2,10,4,2,5,7,4,13.0,12.0,9.0,13.0,10.0,9.0,5,4,1,0,4,5,0,1,3,1,1,3,http://www.khl.ru/game/309/46530/protocol/
627,04.01.2016,Металлург Нк,Нефтехимик,0:0 1:0 0:1 0:1,"Главные судьи: Сергей Беляев, Эдуард Ибатулин","Линейные судьи: Никита Вилюгин, Никита Шалагин",Тренер: Николай Соловьёв,Тренер: Владимир Крикунов,18.0,9.0,11.0,28.0,15.0,23.0,8,5,7,18,8,9,0,1,2,5,3,2,6,2,4,9,4,1,8,2,8.0,7.0,10.0,15.0,8.0,11.0,6,4,0,0,4,6,0,0,1,1,1,1,http://www.khl.ru/game/309/46526/protocol/
618,29.12.2015,Ак Барс,Амур,1:0 0:0 0:0,"Главные судьи: Павел Комаров, Артур Кулёв","Линейные судьи: Максим Берсенёв, Евгений Юдин",Тренер: Зинэтула Билялетдинов,Тренер: Андрей Николишин,22.0,15.0,19.0,15.0,16.0,12.0,15,9,9,11,12,4,0.0,0.0,3,2,3,4,4,1,6,3,2,7,5,5,10.0,7.0,12.0,10.0,9.0,4.0,4,4,0,0,4,4,0,0,1,0,0,1,http://www.khl.ru/game/309/46517/protocol/
625,04.01.2016,Амур,Металлург Мг,0:0 0:1 0:0,"Главные судьи: Алексей Белов, Сергей Гусев","Линейные судьи: Иван Назаров, Дмитрий Сивов",Тренер: Андрей Николишин,Тренер: Илья Воробьёв,21.0,23.0,15.0,21.0,9.0,15.0,16,14,11,15,6,9,0.0,0.0,4,0,4,2,2,1,9,5,3,7,7,2,9.0,6.0,8.0,8.0,4.0,8.0,5,5,0,0,5,5,0,0,0,0,0,0,http://www.khl.ru/game/309/46524/protocol/
622,30.12.2015,Нефтехимик,Медвешчак,1:0 1:2 0:2,"Главные судьи: Виктор Гашилов, Владимир Букин","Линейные судьи: Александр Садовников, Дмитрий Сивов",Тренер: Владимир Крикунов,Тренер: Горди Дуайер,13.0,19.0,24.0,21.0,24.0,23.0,7,12,16,12,15,13,0.0,0.0,3,2,8,4,4,5,11,5,5,1,7,5,13.0,11.0,13.0,11.0,15.0,16.0,5,2,1,0,2,5,0,1,3,1,1,3,http://www.khl.ru/game/309/46521/protocol/
619,29.12.2015,Локомотив,Металлург Нк,1:1 1:1 1:0,"Главные судьи: Павел Овчинников, Юрий Цыплаков","Линейные судьи: Никита Шалагин, Дмитрий Шишло",Тренер: Алексей Кудашов,Тренер: Николай Соловьёв,18.0,7.0,19.0,14.0,13.0,10.0,16,3,10,8,4,6,0.0,0.0,3,2,4,5,3,4,9,7,6,1,7,4,13.0,5.0,12.0,6.0,14.0,6.0,4,3,1,0,3,4,0,1,2,2,2,2,http://www.khl.ru/game/309/46519/protocol/
624,30.12.2015,Витязь,Спартак,2:2 1:2 0:2,"Главные судьи: Яков Деев, Константин Оленин","Линейные судьи: Алексей Медведев, Иван Назаров",Тренер: Равиль Якубов,Тренер: Герман Титов,14.0,13.0,8.0,29.0,13.0,15.0,10,6,6,18,7,12,0.0,0.0,2,3,6,0,3,3,8,8,7,7,3,6,7.0,13.0,12.0,10.0,6.0,12.0,3,3,1,1,3,3,1,1,4,2,2,4,http://www.khl.ru/game/309/46523/protocol/
623,03.01.2016,Барыс,Югра,1:1 0:1 1:0 0:0 1:0,"Главные судьи: Владимир Букин, Юрий Цыплаков","Линейные судьи: Торнике Кучава, Никита Новиков",Тренер: Андрей Назаров,Тренер: Павел Езовских,23.0,12.0,24.0,16.0,23.0,13.0,12,10,16,10,11,10,4,1,1,4,5,2,1,4,6,9,2,1,0,5,11.0,7.0,14.0,12.0,11.0,9.0,3,6,1,0,6,3,0,1,2,1,1,2,http://www.khl.ru/game/309/46522/protocol/
621,30.12.2015,Трактор,Слован,1:1 0:0 0:0 0:0 0:1,"Главные судьи: Ильдар Сафиуллов, Роман Гофман","Линейные судьи: Дмитрий Парфёнов, Станислав Раминг",Тренер: Анвар Гатиятулин,Тренер: Милош Ржига,11.0,26.0,29.0,7.0,11.0,25.0,5,12,18,3,4,15,3,3,9,4,1,5,4,2,7,3,6,6,5,4,6.0,18.0,9.0,7.0,5.0,10.0,6,5,1,0,5,6,0,1,0,1,1,0,http://www.khl.ru/game/309/46520/protocol/
620,29.12.2015,ХК Сочи,Сибирь,2:1 0:1 1:0,"Главные судьи: Яков Деев, Анатолий Захаров","Линейные судьи: Дмитрий Головлёв, Роман Шиханов",Тренер: Вячеслав Буцаев,Тренер: Андрей Скабелка,16.0,17.0,22.0,20.0,20.0,10.0,8,10,9,10,11,9,0.0,0.0,3,3,4,9,0,6,3,1,4,4,2,4,9.0,9.0,13.0,8.0,5.0,10.0,10,6,2,0,6,10,0,2,1,1,1,1,http://www.khl.ru/game/309/46518/protocol/
612,28.12.2015,Нефтехимик,Слован,0:0 0:0 0:0 0:0 0:1,"Главные судьи: Владислав Киселёв, Алексей Раводин","Линейные судьи: Алексей Медведев, Сергей Шелянин",Тренер: Владимир Крикунов,Тренер: Милош Ржига,22.0,28.0,17.0,20.0,18.0,24.0,14,15,8,13,5,12,0.0,0.0,11,4,4,3,7,4,4,8,7,2,4,6,10.0,16.0,7.0,16.0,12.0,9.0,3,7,0,0,7,3,0,0,0,0,0,0,http://www.khl.ru/game/309/46511/protocol/
614,28.12.2015,Динамо Р,Торпедо,0:2 0:0 1:2,"Главные судьи: Вячеслав Буланов, Михаил Бутурлин","Линейные судьи: Дмитрий Голяк, Иван Сазонов",Тренер: Кари Хейккиля,Тренер: Петерис Скудра,10.0,17.0,14.0,17.0,23.0,13.0,7,8,7,8,15,9,0.0,0.0,3,3,4,3,2,1,6,6,9,3,5,5,5.0,5.0,12.0,10.0,7.0,11.0,4,4,1,0,4,4,0,1,2,1,1,2,http://www.khl.ru/game/309/46513/protocol/
610,28.12.2015,Салават Юлаев,Витязь,0:0 2:0 1:0,"Главные судьи: Владимир Букин, Максим Сидоренко","Линейные судьи: Алексей Михель, Евгений Стрельцов",Тренер: Игорь Захаркин,Тренер: Равиль Якубов,23.0,18.0,17.0,15.0,16.0,19.0,12,14,9,8,7,10,0.0,0.0,4,5,6,4,3,4,3,4,4,6,7,4,15.0,4.0,11.0,7.0,8.0,9.0,4,3,0,0,3,4,0,0,2,0,0,2,http://www.khl.ru/game/309/46510/protocol/
616,29.12.2015,Барыс,ЦСКА,2:0 1:2 1:1,"Главные судьи: Юрий Оскирко, Александр Сергеев","Линейные судьи: Константин Горденко, Виктор Томилов",Тренер: Андрей Назаров,Тренер: Дмитрий Квартальнов,16.0,21.0,12.0,28.0,11.0,31.0,12,13,7,14,6,16,0.0,0.0,4,1,6,5,7,0,6,3,7,5,5,3,9.0,15.0,11.0,9.0,16.0,16.0,7,6,2,0,6,7,0,2,2,3,3,2,http://www.khl.ru/game/309/46514/protocol/
615,29.12.2015,Авангард,Северсталь,0:0 1:0 3:0,"Главные судьи: Алексей Васильев, Сергей Гусев","Линейные судьи: Сергей Мисюрь, Александр Нестеров",Тренер: Евгений Корноухов,Тренер: Дмитрий Юшкевич,18.0,13.0,25.0,11.0,12.0,11.0,11,4,12,7,8,4,0.0,0.0,6,4,2,2,2,0,4,5,7,5,2,1,7.0,6.0,6.0,5.0,10.0,6.0,2,3,1,0,3,2,0,1,3,0,0,3,http://www.khl.ru/game/309/46515/protocol/
611,28.12.2015,Трактор,Медвешчак,1:0 0:0 0:1 0:0 1:0,"Главные судьи: Сергей Беляев, Евгений Гамалей","Линейные судьи: Андрей Матюша, Яков Палей",Тренер: Анвар Гатиятулин,Тренер: Горди Дуайер,17.0,14.0,27.0,13.0,11.0,21.0,13,10,13,8,8,13,3,1,2,2,2,7,6,1,7,4,3,11,8,8,9.0,14.0,9.0,14.0,10.0,8.0,4,6,1,0,6,4,0,1,1,0,0,1,http://www.khl.ru/game/309/46508/protocol/
617,29.12.2015,Лада,Адмирал,0:0 1:2 0:3,"Главные судьи: Денис Бондарь, Александр Соин","Линейные судьи: Степан Коршак, Александр Чернышёв",Тренер: Артис Аболс,Тренер: Александр Андриевский,9.0,25.0,12.0,15.0,21.0,15.0,2,17,9,9,11,9,0.0,0.0,3,2,4,0,2,3,7,5,7,9,6,2,7.0,10.0,10.0,11.0,15.0,8.0,2,7,0,0,7,2,0,0,5,0,0,5,http://www.khl.ru/game/309/46516/protocol/
609,28.12.2015,Металлург Мг,Динамо Мск,1:1 0:0 1:0,"Главные судьи: Роман Гофман, Денис Наумов","Линейные судьи: Эдуард Метальников, Александр Сироткин",Тренер: Илья Воробьёв,Тренер: Харийс Витолиньш,13.0,16.0,26.0,19.0,14.0,19.0,9,7,13,11,7,10,0.0,0.0,4,2,5,7,4,3,7,6,10,2,3,3,10.0,9.0,7.0,7.0,10.0,8.0,3,4,1,0,4,3,0,1,1,1,1,1,http://www.khl.ru/game/309/46509/protocol/
606,27.12.2015,Ак Барс,Адмирал,1:1 0:1 1:1,"Главные судьи: Анатолий Захаров, Юрий Оскирко","Линейные судьи: Александр Захаренков, Иван Назаров",Тренер: Зинэтула Билялетдинов,Тренер: Александр Андриевский,17.0,16.0,21.0,21.0,15.0,14.0,10,8,9,12,9,7,0.0,0.0,4,4,5,2,5,1,11,10,1,3,2,1,12.0,8.0,10.0,11.0,14.0,10.0,4,2,1,0,2,4,0,1,2,1,1,2,http://www.khl.ru/game/309/46507/protocol/
607,27.12.2015,Локомотив,Сибирь,2:0 0:0 0:0,"Главные судьи: Денис Бондарь, Сергей Кулаков","Линейные судьи: Юрий Иванов, Александр Нестеров",Тренер: Алексей Кудашов,Тренер: Андрей Скабелка,20.0,20.0,16.0,11.0,12.0,18.0,11,6,10,2,6,8,0.0,0.0,7,4,3,3,4,4,6,6,7,7,3,3,16.0,8.0,11.0,7.0,8.0,5.0,6,2,0,0,2,6,0,0,1,0,0,1,http://www.khl.ru/game/309/46506/protocol/
605,27.12.2015,Лада,Амур,0:1 1:0 3:0,"Главные судьи: Рафаэль Кадыров, Антон Лаврентьев","Линейные судьи: Евгений Литвинов, Антон Понамаренко",Тренер: Артис Аболс,Тренер: Андрей Николишин,14.0,16.0,18.0,13.0,16.0,13.0,8,13,11,10,9,6,0.0,0.0,1,5,1,3,0,4,8,5,6,6,2,3,6.0,8.0,12.0,11.0,6.0,14.0,3,4,0,0,4,3,0,0,4,1,1,4,http://www.khl.ru/game/309/46504/protocol/
603,27.12.2015,Авангард,ЦСКА,0:0 0:0 0:3,"Главные судьи: Алексей Белов, Виктор Гашилов","Линейные судьи: Роман Шиханов, Глеб Лазарев",Тренер: Евгений Корноухов,Тренер: Дмитрий Квартальнов,7.0,17.0,11.0,18.0,8.0,16.0,3,9,5,11,5,13,0.0,0.0,3,2,6,3,0,3,4,4,5,3,1,0,7.0,7.0,7.0,12.0,12.0,10.0,3,3,1,0,3,3,0,1,2,0,0,2,http://www.khl.ru/game/309/46503/protocol/
604,27.12.2015,Барыс,Северсталь,2:0 1:1 0:2 1:0,"Главные судьи: Александр Сергеев, Роман Щенёв","Линейные судьи: Константин Горденко, Виктор Томилов",Тренер: Андрей Назаров,Тренер: Дмитрий Юшкевич,17.0,19.0,14.0,20.0,5,8,9,6,10,6,2,9,1,0,5,5,4,3,4,0,3,2,4,2,5,2,12.0,10.0,10.0,9.0,15,14,4,5,2,1,5,4,1,2,2,1,1,2,http://www.khl.ru/game/309/46502/protocol/
602,26.12.2015,Слован,Торпедо,1:0 1:0 1:0,"Главные судьи: Роман Гофман, Константин Оленин","Линейные судьи: Торнике Кучава, Никита Новиков",Тренер: Милош Ржига,Тренер: Петерис Скудра,11.0,15.0,15.0,26.0,11.0,19.0,4,10,10,10,5,10,0.0,0.0,5,7,6,4,3,5,5,2,2,2,3,2,7.0,12.0,10.0,13.0,13.0,6.0,5,6,2,0,6,5,0,2,1,0,0,1,http://www.khl.ru/game/309/46501/protocol/
601,26.12.2015,Нефтехимик,Витязь,3:0 0:3 2:0,"Главные судьи: Михаил Бутурлин, Александр Соин","Линейные судьи: Степан Коршак, Александр Чернышёв",Тренер: Владимир Крикунов,Тренер: Равиль Якубов,32.0,7.0,25.0,24.0,21.0,23.0,13,5,9,15,11,15,0.0,0.0,1,6,3,6,4,3,4,5,5,5,8,5,10.0,8.0,11.0,15.0,11.0,8.0,2,7,0,0,7,2,0,0,5,3,3,5,http://www.khl.ru/game/309/46500/protocol/
608,27.12.2015,ХК Сочи,Металлург Нк,1:1 0:0 1:1 0:1,"Главные судьи: Артур Кулёв, Ильдар Сафиуллов","Линейные судьи: Никита Шалагин, Дмитрий Шишло",Тренер: Вячеслав Буцаев,Тренер: Николай Соловьёв,28.0,13.0,19.0,14.0,18.0,10.0,19,9,12,8,9,7,2,5,0,3,2,4,3,4,7,3,5,5,4,2,13.0,8.0,12.0,8.0,12.0,10.0,5,4,1,0,4,5,0,1,2,2,2,2,http://www.khl.ru/game/309/46505/protocol/
595,25.12.2015,Локомотив,Адмирал,1:0 2:0 0:0,"Главные судьи: Ильдар Сафиуллов, Рафаэль Кадыров","Линейные судьи: Никита Вилюгин, Антон Понамаренко",Тренер: Алексей Кудашов,Тренер: Александр Андриевский,18.0,8.0,20.0,13.0,12.0,17.0,10,4,13,9,6,8,0.0,0.0,3,4,1,4,8,3,6,3,1,6,5,2,9.0,6.0,10.0,9.0,10.0,10.0,4,3,0,0,3,4,0,0,3,0,0,3,http://www.khl.ru/game/309/46495/protocol/
593,24.12.2015,Медвешчак,Динамо Мн,1:1 0:1 1:0 1:0,"Главные судьи: Алексей Васильев, Александр Соин","Линейные судьи: Дмитрий Головлёв, Дмитрий Сивов",Тренер: Горди Дуайер,Тренер: Андрей Ковалёв,17.0,10.0,18.0,17.0,15.0,10.0,11,5,11,11,6,5,2,0,2,4,1,5,2,5,8,5,10,6,5,10,11.0,10.0,12.0,10.0,11.0,3.0,4,6,1,0,6,4,0,1,1,1,1,1,http://www.khl.ru/game/309/46492/protocol/
597,25.12.2015,ЦСКА,Лада,1:1 0:1 0:0,"Главные судьи: Сергей Беляев, Эдуард Ибатулин","Линейные судьи: Максим Берсенёв, Евгений Юдин",Тренер: Дмитрий Квартальнов,Тренер: Артис Аболс,25.0,11.0,17.0,22.0,17.0,9.0,12,4,12,13,11,4,0.0,0.0,4,3,4,1,1,4,3,10,12,1,6,7,12.0,10.0,16.0,12.0,7.0,7.0,4,3,1,0,3,4,0,1,2,0,0,2,http://www.khl.ru/game/309/46496/protocol/
599,26.12.2015,Салават Юлаев,СКА,0:0 1:0 0:1 1:0,"Главные судьи: Вячеслав Буланов, Денис Наумов","Линейные судьи: Алексей Медведев, Станислав Раминг",Тренер: Игорь Захаркин,Тренер: Сергей Зубов,22.0,18.0,19.0,18.0,10.0,24.0,10,9,12,9,7,12,3,2,5,6,4,2,3,1,5,3,3,3,0,4,9.0,8.0,6.0,14.0,12.0,7.0,6,5,1,0,5,6,0,1,1,0,0,1,http://www.khl.ru/game/309/46498/protocol/
594,25.12.2015,Северсталь,Ак Барс,2:1 1:2 0:0 0:1,"Главные судьи: Яков Деев, Юрий Оскирко","Линейные судьи: Алексей Михель, Евгений Стрельцов",Тренер: Дмитрий Юшкевич,Тренер: Зинэтула Билялетдинов,19.0,22.0,11.0,32.0,5.0,21.0,12,8,6,17,3,10,0,2,8,4,2,3,8,2,4,3,4,3,5,4,10.0,12.0,11.0,9.0,8.0,14.0,7,2,2,0,2,7,0,2,2,3,3,2,http://www.khl.ru/game/309/46493/protocol/
596,25.12.2015,ХК Сочи,Амур,2:3 0:0 4:1,"Главные судьи: Евгений Гамалей, Юрий Цыплаков","Линейные судьи: Пётр Алёшин, Юрий Иванов",Тренер: Вячеслав Буцаев,Тренер: Андрей Николишин,7.0,32.0,21.0,22.0,23.0,17.0,4,17,14,9,14,4,0.0,0.0,6,2,9,3,9,3,6,8,9,5,7,8,8.0,11.0,10.0,9.0,8.0,14.0,3,4,2,1,4,3,1,2,4,3,3,4,http://www.khl.ru/game/309/46494/protocol/
598,26.12.2015,Металлург Мг,Спартак,3:0 1:0 0:0,"Главные судьи: Эдуард Одиньш, Владислав Киселёв","Линейные судьи: Дмитрий Парфёнов, Александр Сысуев",Тренер: Илья Воробьёв,Тренер: Герман Титов,21.0,15.0,17.0,20.0,20.0,11.0,14,6,10,11,12,3,0.0,0.0,5,5,4,0,3,2,3,6,6,5,5,5,10.0,8.0,12.0,10.0,6.0,7.0,3,3,1,0,3,3,0,1,3,0,0,3,http://www.khl.ru/game/309/46497/protocol/
600,26.12.2015,Югра,Динамо Мск,0:1 0:3 2:1,"Главные судьи: Сергей Гусев, Алексей Раводин","Линейные судьи: Алексей Майтак, Евгений Пронских",Тренер: Павел Езовских,Тренер: Харийс Витолиньш,10.0,14.0,12.0,20.0,19.0,12.0,4,3,7,13,11,7,0.0,0.0,6,2,3,3,2,6,7,4,6,2,8,0,6.0,7.0,8.0,12.0,20.0,11.0,4,2,1,0,2,4,0,1,5,1,1,5,http://www.khl.ru/game/309/46499/protocol/
589,24.12.2015,Салават Юлаев,Спартак,0:1 0:1 1:0,"Главные судьи: Денис Бондарь, Роман Гофман","Линейные судьи: Алексей Майтак, Евгений Пронских",Тренер: Игорь Захаркин,Тренер: Герман Титов,15.0,35.0,26.0,22.0,29.0,10.0,11,19,10,15,15,3,0.0,0.0,9,1,4,11,4,10,7,9,6,9,7,7,8.0,9.0,11.0,9.0,9.0,8.0,5,3,0,0,3,5,0,0,1,1,1,1,http://www.khl.ru/game/309/46490/protocol/
590,24.12.2015,Сибирь,Барыс,1:1 2:0 2:0,"Главные судьи: Вячеслав Буланов, Анатолий Захаров","Линейные судьи: Торнике Кучава, Никита Новиков",Тренер: Андрей Скабелка,Тренер: Андрей Назаров,27.0,28.0,18.0,31.0,14.0,25.0,17,15,10,20,11,12,0.0,0.0,7,5,5,3,5,1,8,7,7,10,6,11,11.0,16.0,11.0,15.0,10.0,14.0,4,7,2,0,7,4,0,2,3,0,0,3,http://www.khl.ru/game/309/46488/protocol/
592,24.12.2015,Югра,Витязь,0:1 2:1 0:1,"Главные судьи: Алексей Раводин, Владислав Киселёв","Линейные судьи: Александр Садовников, Иван Сазонов",Тренер: Павел Езовских,Тренер: Равиль Якубов,21.0,15.0,25.0,9.0,26.0,11.0,16,11,11,6,15,7,0.0,0.0,0,1,1,8,1,4,3,1,2,1,4,1,11.0,8.0,7.0,11.0,15.0,13.0,0,5,0,0,5,0,0,0,2,2,2,2,http://www.khl.ru/game/309/46491/protocol/
586,23.12.2015,ЦСКА,Ак Барс,2:1 0:0 0:0,"Главные судьи: Антти Боман, Антонин Йерабек","Линейные судьи: Глеб Лазарев, Яков Палей",Тренер: Дмитрий Квартальнов,Тренер: Зинэтула Билялетдинов,25.0,8.0,25.0,17.0,15.0,15.0,16,6,12,8,6,6,0.0,0.0,0,4,5,6,3,2,14,6,0,9,4,4,8.0,13.0,7.0,11.0,9.0,10.0,6,6,1,0,6,6,0,1,2,0,0,2,http://www.khl.ru/game/309/46485/protocol/
588,24.12.2015,Металлург Мг,СКА,1:2 0:3 3:0,"Главные судьи: Виктор Гашилов, Константин Оленин","Линейные судьи: Сергей Мисюрь, Роман Шиханов",Тренер: Илья Воробьёв,Тренер: Сергей Зубов,16.0,15.0,21.0,20.0,23.0,12.0,11,7,13,14,12,7,0.0,0.0,6,2,1,4,1,7,8,2,8,5,4,3,11.0,10.0,9.0,9.0,14.0,8.0,5,7,2,2,7,5,2,2,3,2,2,3,http://www.khl.ru/game/309/46489/protocol/
587,24.12.2015,Металлург Нк,Авангард,1:2 1:0 1:1 0:0 0:1,"Главные судьи: Эдуард Одиньш, Михаил Бутурлин","Линейные судьи: Дмитрий Голяк, Андрей Матюша",Тренер: Николай Соловьёв,Тренер: Евгений Корноухов,17.0,15.0,20.0,23.0,11.0,12.0,7,9,11,15,4,5,2,3,6,5,8,5,4,4,3,2,3,6,0,1,10.0,9.0,9.0,17.0,8.0,8.0,3,7,1,1,7,3,1,1,2,2,2,2,http://www.khl.ru/game/309/46486/protocol/
585,23.12.2015,ХК Сочи,Адмирал,0:0 1:3 0:1,"Главные судьи: Владимир Букин, Сергей Гусев","Линейные судьи: Пётр Алёшин, Юрий Иванов",Тренер: Вячеслав Буцаев,Тренер: Александр Андриевский,21.0,13.0,27.0,26.0,26.0,12.0,11,5,12,17,15,8,0.0,0.0,3,7,5,6,1,5,7,4,5,2,3,0,11.0,9.0,10.0,10.0,12.0,5.0,5,3,0,0,3,5,0,0,4,0,0,4,http://www.khl.ru/game/309/46483/protocol/
591,24.12.2015,Трактор,Динамо Мск,0:1 2:1 1:1 1:0,"Главные судьи: Алексей Белов, Сергей Кулаков","Линейные судьи: Константин Горденко, Виктор Томилов",Тренер: Анвар Гатиятулин,Тренер: Харийс Витолиньш,15.0,20.0,14.0,20.0,23.0,20.0,8,14,6,11,9,8,1,0,1,3,5,4,4,5,6,9,5,8,2,5,7.0,8.0,9.0,9.0,8.0,10.0,3,4,1,1,4,3,1,1,2,2,2,2,http://www.khl.ru/game/309/46487/protocol/
578,22.12.2015,Югра,Автомобилист,1:2 2:0 0:0,"Главные судьи: Владислав Киселёв, Юрий Цыплаков","Линейные судьи: Александр Садовников, Иван Сазонов",Тренер: Павел Езовских,Тренер: Андрей Разин,16.0,19.0,14.0,17.0,17.0,17.0,7,10,6,6,10,9,0.0,0.0,4,3,6,5,2,4,2,0,3,0,3,1,9.0,11.0,7.0,12.0,11.0,8.0,4,3,1,0,3,4,0,1,1,2,2,1,http://www.khl.ru/game/309/46477/protocol/
577,22.12.2015,Сибирь,Авангард,0:2 0:0 0:1,"Главные судьи: Роман Гофман, Александр Сергеев","Линейные судьи: Сергей Мисюрь, Роман Шиханов",Тренер: Андрей Скабелка,Тренер: Евгений Корноухов,19.0,27.0,23.0,13.0,22.0,13.0,9,13,9,7,15,10,0.0,0.0,6,7,4,6,3,3,4,7,6,4,5,5,8.0,15.0,12.0,11.0,2.0,18.0,3,5,0,0,5,3,0,0,3,0,0,3,http://www.khl.ru/game/309/46474/protocol/
582,22.12.2015,Медвешчак,Динамо Р,0:0 0:1 0:2,"Главные судьи: Алексей Васильев, Сергей Кулаков","Линейные судьи: Дмитрий Головлёв, Дмитрий Сивов",Тренер: Горди Дуайер,Тренер: Кари Хейккиля,15.0,22.0,18.0,10.0,14.0,18.0,4,12,8,5,12,12,0.0,0.0,1,5,1,5,0,1,9,4,9,12,3,9,15.0,4.0,14.0,7.0,16.0,11.0,2,2,1,0,2,2,0,1,2,0,0,2,http://www.khl.ru/game/309/46481/protocol/
580,22.12.2015,Спартак,Йокерит,0:2 0:0 1:1,"Главные судьи: Алексей Белов, Виктор Гашилов","Линейные судьи: Глеб Лазарев, Яков Палей",Тренер: Герман Титов,Тренер: Эркка Вестерлунд,9.0,11.0,22.0,9.0,15.0,15.0,4,5,12,3,9,6,0.0,0.0,2,2,4,6,2,3,11,3,8,8,8,4,9.0,10.0,10.0,8.0,6.0,11.0,1,4,0,0,4,1,0,0,3,1,1,3,http://www.khl.ru/game/309/46480/protocol/
583,23.12.2015,Северсталь,Лада,1:0 1:0 1:3 0:0 1:0,"Главные судьи: Артур Кулёв, Ильдар Сафиуллов","Линейные судьи: Никита Вилюгин, Антон Понамаренко",Тренер: Дмитрий Юшкевич,Тренер: Артис Аболс,18.0,7.0,17.0,20.0,24.0,12.0,11,5,9,10,11,6,2,0,1,4,4,4,1,5,3,3,4,3,3,4,11.0,5.0,14.0,8.0,15.0,5.0,4,2,1,0,2,4,0,1,2,3,3,2,http://www.khl.ru/game/309/46482/protocol/
584,23.12.2015,Локомотив,Амур,1:0 0:0 3:1,"Главные судьи: Эдуард Ибатулин, Роман Щенёв","Линейные судьи: Максим Берсенёв, Евгений Юдин",Тренер: Алексей Кудашов,Тренер: Андрей Николишин,18.0,18.0,18.0,18.0,15.0,14.0,13,8,11,6,9,8,0.0,0.0,5,3,6,4,5,3,6,7,5,9,3,3,14.0,7.0,12.0,9.0,10.0,6.0,6,2,0,0,2,6,0,0,2,1,1,2,http://www.khl.ru/game/309/46484/protocol/
579,22.12.2015,Слован,Динамо Мн,1:0 1:2 2:0,"Главные судьи: Рафаэль Кадыров, Денис Наумов","Линейные судьи: Дмитрий Парфёнов, Александр Сысуев",Тренер: Милош Ржига,Тренер: Андрей Ковалёв,16.0,5.0,15.0,17.0,11.0,27.0,9,4,9,12,10,15,0.0,0.0,0,5,5,0,9,5,4,5,1,4,4,2,12.0,7.0,6.0,18.0,8.0,14.0,8,6,3,2,6,8,2,3,0,0,0,0,http://www.khl.ru/game/309/46479/protocol/
581,22.12.2015,Торпедо,СКА,1:2 1:2 3:1 1:0,"Главные судьи: Алексей Раводин, Антонин Йерабек","Линейные судьи: Сергей Шелянин, Александр Захаренков",Тренер: Петерис Скудра,Тренер: Сергей Зубов,17.0,15.0,13.0,12.0,25.0,11.0,12,8,10,7,15,5,3,0,2,1,1,4,2,5,4,9,1,5,2,2,10.0,15.0,14.0,14.0,14.0,8.0,4,4,2,1,4,4,1,2,3,3,3,3,http://www.khl.ru/game/309/46478/protocol/
572,13.12.2015,Динамо Р,Динамо Мн,0:2 2:1 1:2,"Главные судьи: Алексей Белов, Даниэль Конц","Линейные судьи: Александр Отмахов, Александр Сысуев",Тренер: Кари Хейккиля,Тренер: Андрей Ковалёв,14.0,20.0,28.0,15.0,14.0,15.0,6,12,16,12,7,9,0.0,0.0,1,3,0,4,2,5,5,4,5,1,7,2,12.0,7.0,10.0,10.0,5.0,13.0,5,1,3,0,1,5,0,3,2,3,3,2,http://www.khl.ru/game/309/46471/protocol/
573,14.12.2015,Йокерит,Медвешчак,1:0 1:1 2:0,"Главные судьи: Алексей Анисимов, Роман Гофман","Линейные судьи: Александр Нестеров, Юрий Иванов",Тренер: Эркка Вестерлунд,Тренер: Горди Дуайер,14.0,18.0,19.0,25.0,13.0,15.0,6,9,8,14,7,6,0.0,0.0,3,0,5,2,3,2,6,8,0,3,5,5,9.0,7.0,10.0,10.0,10.0,4.0,3,5,1,1,5,3,1,1,2,0,0,2,http://www.khl.ru/game/309/46472/protocol/
576,22.12.2015,Салават Юлаев,Динамо Мск,0:0 1:0 1:0,"Главные судьи: Антти Боман, Эдуард Одиньш","Линейные судьи: Эдуард Метальников, Александр Сироткин",Тренер: Игорь Захаркин,Тренер: Харийс Витолиньш,14.0,26.0,15.0,23.0,13.0,20.0,8,12,11,8,8,9,0.0,0.0,9,3,7,3,6,1,7,8,3,4,5,2,7.0,14.0,11.0,15.0,8.0,7.0,3,3,1,0,3,3,0,1,1,0,0,1,http://www.khl.ru/game/309/46476/protocol/
570,11.12.2015,Торпедо,ЦСКА,0:1 0:0 0:2,"Главные судьи: Виктор Гашилов, Константин Оленин","Линейные судьи: Роман Шиханов, Константин Горденко",Тренер: Петерис Скудра,Тренер: Дмитрий Квартальнов,5.0,15.0,9.0,17.0,15.0,13.0,4,8,3,11,8,10,0.0,0.0,0,0,4,2,1,1,8,10,7,5,7,5,9.0,12.0,9.0,11.0,11.0,15.0,5,5,1,0,5,5,0,1,1,0,0,1,http://www.khl.ru/game/309/46465/protocol/
569,11.12.2015,Спартак,Салават Юлаев,0:0 0:1 3:0,"Главные судьи: Вячеслав Буланов, Денис Наумов","Линейные судьи: Сергей Шелянин, Дмитрий Сивов",Тренер: Герман Титов,Тренер: Игорь Захаркин,15.0,11.0,14.0,16.0,17.0,16.0,10,3,8,9,11,4,0.0,0.0,4,4,2,3,5,3,5,8,8,3,7,3,11.0,6.0,8.0,9.0,11.0,13.0,3,6,0,0,6,3,0,0,3,1,1,3,http://www.khl.ru/game/309/46468/protocol/
571,11.12.2015,Медвешчак,ХК Сочи,0:0 0:1 2:1 0:0 1:0,"Главные судьи: Сергей Кулаков, Анатолий Захаров","Линейные судьи: Пётр Алёшин, Юрий Иванов",Тренер: Горди Дуайер,Тренер: Вячеслав Буцаев,10.0,21.0,12.0,17.0,18.0,19.0,5,11,10,10,10,12,5,0,3,3,2,1,3,5,4,3,2,2,1,3,7.0,9.0,16.0,11.0,16.0,15.0,4,5,1,1,5,4,1,1,1,1,1,1,http://www.khl.ru/game/309/46470/protocol/
575,22.12.2015,Металлург Мг,Витязь,0:1 1:0 3:1,"Главные судьи: Яков Деев, Павел Комаров","Линейные судьи: Евгений Литвинов, Станислав Раминг",Тренер: Илья Воробьёв,Тренер: Равиль Якубов,14.0,14.0,25.0,10.0,16.0,14.0,11,7,14,3,8,14,0.0,0.0,5,1,1,5,0,3,3,5,3,3,0,2,8.0,7.0,10.0,10.0,12.0,12.0,2,3,1,0,3,2,0,1,3,2,2,3,http://www.khl.ru/game/309/46475/protocol/
574,22.12.2015,Металлург Нк,Барыс,0:3 2:2 0:1,"Главные судьи: Денис Бондарь, Максим Сидоренко","Линейные судьи: Дмитрий Голяк, Андрей Матюша",Тренер: Николай Соловьёв,Тренер: Андрей Назаров,14.0,23.0,30.0,16.0,22.0,15.0,4,9,17,9,10,9,0.0,0.0,6,2,4,8,3,4,3,8,5,7,3,2,8.0,5.0,10.0,10.0,7.0,6.0,4,3,2,1,3,4,1,2,4,1,1,4,http://www.khl.ru/game/309/46473/protocol/
562,11.12.2015,Амур,Авангард,0:0 0:3 2:1,"Главные судьи: Рафаэль Кадыров, Эдуард Одиньш","Линейные судьи: Виктор Томилов, Дмитрий Парфёнов",Тренер: Андрей Николишин,Тренер: Евгений Корноухов,16.0,15.0,20.0,21.0,26.0,12.0,8,9,10,17,14,9,0.0,0.0,2,3,3,6,0,6,6,6,5,2,2,3,7.0,7.0,11.0,10.0,9.0,10.0,3,7,1,0,7,3,0,1,2,2,2,2,http://www.khl.ru/game/309/46461/protocol/
567,11.12.2015,СКА,Металлург Мг,1:0 2:2 2:1,"Главные судьи: Алексей Анисимов, Линус Элунд","Линейные судьи: Александр Отмахов, Александр Сысуев",Тренер: Сергей Зубов,Тренер: Илья Воробьёв,14.0,14.0,20.0,19.0,19.0,8.0,8,10,11,9,9,4,0.0,0.0,0,1,3,3,3,5,2,4,2,2,2,2,9.0,7.0,9.0,8.0,5.0,8.0,2,5,2,1,5,2,1,2,2,2,2,2,http://www.khl.ru/game/309/46464/protocol/
563,11.12.2015,Адмирал,Барыс,2:0 3:1 1:2,"Главные судьи: Алексей Раводин, Юрий Цыплаков","Линейные судьи: Александр Захаренков, Александр Садовников",Тренер: Александр Андриевский,Тренер: Андрей Назаров,15.0,17.0,17.0,27.0,9.0,24.0,11,7,14,17,5,19,0.0,0.0,3,0,6,1,5,2,4,6,4,4,1,3,8.0,11.0,8.0,16.0,14.0,10.0,3,2,2,0,2,3,0,2,4,2,2,4,http://www.khl.ru/game/309/46462/protocol/
561,10.12.2015,Динамо Р,Нефтехимик,0:1 2:0 2:0,"Главные судьи: Сергей Беляев, Роман Щенёв","Линейные судьи: Алексей Михель, Евгений Стрельцов",Тренер: Кари Хейккиля,Тренер: Владимир Крикунов,13.0,15.0,26.0,21.0,24.0,14.0,10,8,18,12,16,8,0.0,0.0,3,0,4,3,5,6,6,7,7,8,7,10,8.0,14.0,9.0,15.0,9.0,13.0,4,3,0,0,3,4,0,0,4,1,1,4,http://www.khl.ru/game/309/46460/protocol/
568,11.12.2015,Слован,Локомотив,0:1 0:0 0:0,"Главные судьи: Денис Бондарь, Павел Комаров","Линейные судьи: Дмитрий Голяк, Сергей Мисюрь",Тренер: Милош Ржига,Тренер: Алексей Кудашов,18.0,20.0,16.0,21.0,26.0,15.0,10,11,12,11,16,7,0.0,0.0,4,7,3,5,1,3,3,3,3,7,2,3,6.0,13.0,11.0,10.0,5.0,8.0,3,5,0,0,5,3,0,0,1,0,0,1,http://www.khl.ru/game/309/46466/protocol/
565,11.12.2015,Витязь,Ак Барс,1:0 0:2 2:0,"Главные судьи: Роман Гофман, Александр Сергеев","Линейные судьи: Алексей Майтак, Евгений Пронских",Тренер: Равиль Якубов,Тренер: Зинэтула Билялетдинов,17.0,16.0,12.0,32.0,18.0,26.0,10,8,5,13,16,10,0.0,0.0,5,2,10,3,6,1,6,7,6,1,6,5,9.0,4.0,7.0,16.0,5.0,11.0,4,8,1,1,8,4,1,1,1,0,0,1,http://www.khl.ru/game/309/46469/protocol/
564,11.12.2015,Северсталь,Динамо Мн,0:3 0:1 0:1,"Главные судьи: Владимир Букин, Алексей Васильев","Линейные судьи: Иван Назаров, Яков Палей",Тренер: Дмитрий Юшкевич,Тренер: Андрей Ковалёв,17.0,17.0,18.0,10.0,23.0,7.0,11,11,10,7,14,5,0.0,0.0,3,1,1,5,1,5,6,3,2,5,2,1,10.0,10.0,8.0,13.0,7.0,15.0,3,3,2,0,3,3,0,2,3,0,0,3,http://www.khl.ru/game/309/46463/protocol/
566,11.12.2015,Динамо Мск,Лада,1:1 0:0 0:0 0:0 0:1,"Главные судьи: Михаил Бутурлин, Павел Овчинников","Линейные судьи: Антон Понамаренко, Никита Шалагин",Тренер: Харийс Витолиньш,Тренер: Артис Аболс,19.0,15.0,32.0,12.0,29.0,5.0,10,8,15,5,8,1,3,0,3,2,2,9,2,10,4,7,2,6,3,3,9.0,9.0,13.0,8.0,14.0,4.0,6,4,1,0,4,6,0,1,1,0,0,1,http://www.khl.ru/game/309/46467/protocol/
559,10.12.2015,Сибирь,Югра,3:0 1:2 1:0,"Главные судьи: Яков Деев, Антон Лаврентьев","Линейные судьи: Торнике Кучава, Андрей Матюша",Тренер: Андрей Скабелка,Тренер: Павел Езовских,28.0,19.0,20.0,20.0,12.0,26.0,14,11,11,10,6,16,0.0,0.0,4,4,5,6,4,4,5,12,4,6,6,3,8.0,15.0,10.0,13.0,11.0,16.0,2,6,2,1,6,2,1,2,2,1,1,2,http://www.khl.ru/game/309/46458/protocol/
560,10.12.2015,Йокерит,Трактор,2:2 1:2 1:0 0:0 1:0,"Главные судьи: Сергей Гусев, Александр Соин","Линейные судьи: Иван Сазонов, Алексей Медведев",Тренер: Эркка Вестерлунд,Тренер: Анвар Гатиятулин,24.0,16.0,15.0,6.0,16.0,10.0,14,10,8,5,10,3,4,1,3,2,1,6,3,2,3,11,7,3,3,4,15.0,8.0,13.0,7.0,12.0,5.0,3,5,1,0,5,3,0,1,4,3,3,4,http://www.khl.ru/game/309/46459/protocol/
554,09.12.2015,Торпедо,Северсталь,3:0 0:0 0:1,"Главные судьи: Михаил Бутурлин, Антонин Йерабек","Линейные судьи: Станислав Раминг, Глеб Лазарев",Тренер: Петерис Скудра,Тренер: Дмитрий Юшкевич,19.0,5.0,9.0,26.0,12.0,14.0,11,4,5,13,5,6,0.0,0.0,1,3,5,1,2,2,2,8,2,2,0,6,10.0,11.0,6.0,10.0,9.0,9.0,9,4,3,1,4,9,1,3,0,0,0,0,http://www.khl.ru/game/309/46452/protocol/
555,09.12.2015,Медвешчак,Локомотив,0:0 0:0 1:1 0:1,"Главные судьи: Сергей Кулаков, Владимир Букин","Линейные судьи: Юрий Иванов, Пётр Алёшин",Тренер: Горди Дуайер,Тренер: Алексей Кудашов,11.0,26.0,18.0,18.0,19.0,10.0,4,13,7,7,7,8,1,4,2,3,5,2,0,5,1,5,4,3,1,2,8.0,9.0,9.0,6.0,10.0,5.0,3,5,0,0,5,3,0,0,1,1,1,1,http://www.khl.ru/game/309/46454/protocol/
553,09.12.2015,Спартак,Металлург Мг,1:2 0:0 1:0 0:0 1:0,"Главные судьи: Антти Боман, Александр Сергеев","Линейные судьи: Константин Горденко, Роман Шиханов",Тренер: Герман Титов,Тренер: Илья Воробьёв,21.0,16.0,17.0,14.0,20.0,10.0,11,11,11,6,15,4,3,3,1,3,2,0,0,2,1,6,0,1,2,0,8.0,13.0,10.0,5.0,12.0,13.0,1,4,1,1,4,1,1,1,1,1,1,1,http://www.khl.ru/game/309/46449/protocol/
556,10.12.2015,Амур,Авангард,0:0 0:0 2:0,"Главные судьи: Рафаэль Кадыров, Эдуард Одиньш","Линейные судьи: Дмитрий Парфёнов, Виктор Томилов",Тренер: Андрей Николишин,Тренер: Евгений Корноухов,19.0,9.0,21.0,14.0,10.0,17.0,12,4,11,9,9,10,0.0,0.0,3,3,4,4,5,1,9,4,8,5,4,5,7.0,7.0,5.0,12.0,14.0,12.0,3,4,0,0,4,3,0,0,2,0,0,2,http://www.khl.ru/game/309/46455/protocol/
557,10.12.2015,Адмирал,Барыс,1:0 2:0 1:2,"Главные судьи: Алексей Раводин, Юрий Цыплаков","Линейные судьи: Александр Захаренков, Александр Садовников",Тренер: Александр Андриевский,Тренер: Андрей Назаров,20.0,21.0,37.0,9.0,14.0,22.0,12,13,14,6,10,11,0.0,0.0,5,3,1,7,8,4,5,3,2,2,3,1,9.0,11.0,12.0,10.0,9.0,13.0,4,5,2,2,5,4,2,2,2,0,0,2,http://www.khl.ru/game/309/46456/protocol/
558,10.12.2015,Металлург Нк,Автомобилист,1:2 0:1 1:0,"Главные судьи: Владислав Киселёв, Павел Овчинников","Линейные судьи: Никита Вилюгин, Никита Новиков",Тренер: Николай Соловьёв,Тренер: Андрей Разин,16.0,30.0,20.0,20.0,29.0,13.0,12,12,9,14,17,4,0.0,0.0,11,1,1,2,5,3,3,2,3,1,0,2,13.0,14.0,8.0,10.0,6.0,13.0,3,5,1,0,5,3,0,1,3,1,1,3,http://www.khl.ru/game/309/46457/protocol/
548,09.12.2015,Витязь,Лада,0:0 0:0 0:2,"Главные судьи: Алексей Васильев, Андрей Рогачёв","Линейные судьи: Степан Коршак, Александр Чернышёв",Тренер: Равиль Якубов,Тренер: Артис Аболс,19.0,18.0,13.0,19.0,17.0,16.0,14,8,10,10,7,11,0.0,0.0,5,3,7,3,2,4,7,10,9,5,13,3,9.0,8.0,6.0,6.0,9.0,13.0,4,2,0,0,2,4,0,0,2,0,0,2,http://www.khl.ru/game/309/46450/protocol/
552,09.12.2015,Слован,ХК Сочи,2:1 1:3 1:1,"Главные судьи: Павел Комаров, Ильдар Сафиуллов","Линейные судьи: Дмитрий Голяк, Сергей Мисюрь",Тренер: Милош Ржига,Тренер: Вячеслав Буцаев,12.0,27.0,16.0,14.0,33.0,17.0,7,15,9,9,12,10,0.0,0.0,2,4,0,8,5,10,5,1,4,4,3,2,14.0,10.0,13.0,11.0,13.0,14.0,5,9,1,1,9,5,1,1,4,3,3,4,http://www.khl.ru/game/309/46447/protocol/
547,08.12.2015,Динамо Р,Трактор,0:1 1:1 1:0 0:0 0:1,"Главные судьи: Сергей Беляев, Анатолий Захаров","Линейные судьи: Алексей Михель, Евгений Стрельцов",Тренер: Кари Хейккиля,Тренер: Анвар Гатиятулин,10.0,17.0,21.0,11.0,20.0,8.0,3,7,11,6,12,1,1,3,6,3,3,6,2,4,2,1,6,1,1,2,3.0,9.0,17.0,7.0,7.0,5.0,8,3,2,0,3,8,0,2,2,0,0,2,http://www.khl.ru/game/309/46446/protocol/
549,09.12.2015,Динамо Мн,ЦСКА,0:1 0:1 1:1,"Главные судьи: Вячеслав Буланов, Денис Наумов","Линейные судьи: Эдуард Метальников, Александр Сироткин",Тренер: Андрей Ковалёв,Тренер: Дмитрий Квартальнов,9.0,22.0,11.0,17.0,17.0,12.0,6,10,5,13,5,6,0.0,0.0,3,0,1,2,1,6,5,1,5,5,4,3,9.0,6.0,9.0,10.0,10.0,8.0,5,3,1,0,3,5,0,1,3,0,0,3,http://www.khl.ru/game/309/46453/protocol/
545,08.12.2015,Сибирь,Автомобилист,0:0 2:2 2:0,"Главные судьи: Эдуард Одиньш, Роман Щенёв","Линейные судьи: Андрей Матюша, Иван Назаров",Тренер: Андрей Скабелка,Тренер: Андрей Разин,22.0,8.0,21.0,18.0,19.0,26.0,11,3,12,10,12,14,0.0,0.0,5,9,5,4,8,6,4,9,7,3,4,5,6.0,7.0,13.0,9.0,11.0,15.0,4,2,1,0,2,4,0,1,3,2,2,3,http://www.khl.ru/game/309/46444/protocol/
550,09.12.2015,Динамо Мск,Ак Барс,0:1 0:1 0:0,"Главные судьи: Алексей Белов, Виктор Гашилов","Линейные судьи: Дмитрий Сивов, Сергей Шелянин",Тренер: Харийс Витолиньш,Тренер: Зинэтула Билялетдинов,21.0,16.0,13.0,21.0,21.0,18.0,10,5,6,10,10,8,0.0,0.0,7,7,7,4,6,6,6,13,3,3,7,8,11.0,6.0,8.0,12.0,12.0,10.0,4,4,1,0,4,4,0,1,1,0,0,1,http://www.khl.ru/game/309/46448/protocol/
551,09.12.2015,СКА,Салават Юлаев,2:1 0:2 3:0,"Главные судьи: Роман Гофман, Линус Элунд","Линейные судьи: Яков Палей, Александр Отмахов",Тренер: Сергей Зубов,Тренер: Игорь Захаркин,16.0,18.0,16.0,19.0,26.0,11.0,12,10,9,14,17,8,0.0,0.0,4,1,3,2,2,3,4,2,4,3,2,3,12.0,12.0,9.0,8.0,11.0,10.0,5,2,2,0,2,5,0,2,3,3,3,3,http://www.khl.ru/game/309/46451/protocol/
546,08.12.2015,Йокерит,Нефтехимик,1:1 2:3 2:1 1:0,"Главные судьи: Даниэль Конц, Денис Бондарь","Линейные судьи: Алексей Медведев, Иван Сазонов",Тренер: Эркка Вестерлунд,Тренер: Владимир Крикунов,20.0,17.0,16.0,19.0,17.0,13.0,7,10,8,9,13,7,4,2,4,4,2,3,2,1,6,9,3,2,4,9,9.0,5.0,10.0,8.0,12.0,13.0,3,4,1,1,4,3,1,1,4,4,4,4,http://www.khl.ru/game/309/46445/protocol/
537,07.12.2015,Ак Барс,Торпедо,1:0 1:0 0:1,"Главные судьи: Вячеслав Буланов, Сергей Кулаков","Линейные судьи: Дмитрий Головлёв, Роман Шиханов",Тренер: Зинэтула Билялетдинов,Тренер: Петерис Скудра,9.0,12.0,16.0,21.0,16.0,13.0,5,4,8,10,8,7,0.0,0.0,4,1,6,3,2,4,1,0,5,6,3,2,7.0,5.0,12.0,7.0,11.0,8.0,4,3,1,0,3,4,0,1,0,0,0,0,http://www.khl.ru/game/309/46438/protocol/
540,07.12.2015,Локомотив,Салават Юлаев,0:0 0:1 1:2,"Главные судьи: Антонин Йерабек, Алексей Раводин","Линейные судьи: Эдуард Метальников, Александр Сироткин",Тренер: Алексей Кудашов,Тренер: Игорь Захаркин,19.0,11.0,19.0,13.0,22.0,11.0,12,6,7,9,13,6,0.0,0.0,1,5,3,6,1,7,6,7,3,8,7,1,6.0,10.0,12.0,8.0,11.0,7.0,5,4,1,0,4,5,0,1,2,1,1,2,http://www.khl.ru/game/309/46436/protocol/
542,08.12.2015,Амур,Барыс,1:0 1:1 1:1,"Главные судьи: Яков Деев, Евгений Гамалей","Линейные судьи: Дмитрий Парфёнов, Виктор Томилов",Тренер: Андрей Николишин,Тренер: Андрей Назаров,21.0,16.0,32.0,18.0,21.0,11.0,15,11,21,13,11,10,0.0,0.0,1,3,2,5,1,2,14,9,8,7,1,7,11.0,8.0,8.0,19.0,6.0,9.0,2,4,1,1,4,2,1,1,2,1,1,2,http://www.khl.ru/game/309/46441/protocol/
538,07.12.2015,Витязь,ЦСКА,1:1 0:1 0:0,"Главные судьи: Антти Боман, Роман Гофман","Линейные судьи: Александр Отмахов, Станислав Раминг",Тренер: Равиль Якубов,Тренер: Дмитрий Квартальнов,9.0,14.0,6.0,34.0,11.0,20.0,9,10,1,19,8,13,0.0,0.0,2,2,5,4,2,1,8,6,8,8,9,7,0.0,0.0,8.0,13.0,3.0,13.0,7,3,2,0,3,7,0,2,0,0,0,0,http://www.khl.ru/game/309/46437/protocol/
541,07.12.2015,ХК Сочи,Металлург Мг,1:0 1:1 0:0,"Главные судьи: Михаил Бутурлин, Андрей Рогачёв","Линейные судьи: Дмитрий Сивов, Сергей Шелянин",Тренер: Вячеслав Буцаев,Тренер: Илья Воробьёв,18.0,19.0,26.0,21.0,15.0,17.0,12,13,17,12,7,6,0.0,0.0,5,4,6,3,3,5,2,5,3,1,4,8,8.0,11.0,9.0,8.0,9.0,10.0,2,3,1,0,3,2,0,1,1,1,1,1,http://www.khl.ru/game/309/46440/protocol/
539,07.12.2015,Динамо Мск,Северсталь,2:0 1:1 1:1,"Главные судьи: Артур Кулёв, Юрий Оскирко","Линейные судьи: Максим Берсенёв, Евгений Юдин",Тренер: Харийс Витолиньш,Тренер: Дмитрий Юшкевич,25.0,10.0,14.0,29.0,23.0,20.0,8,4,10,13,11,11,0.0,0.0,4,11,10,2,5,5,7,4,9,7,8,4,9.0,6.0,11.0,13.0,9.0,7.0,1,2,1,1,2,1,1,1,3,1,1,3,http://www.khl.ru/game/309/46439/protocol/
544,08.12.2015,Металлург Нк,Югра,0:2 1:0 1:1,"Главные судьи: Владислав Киселёв, Александр Соин","Линейные судьи: Торнике Кучава, Никита Новиков",Тренер: Николай Соловьёв,Тренер: Павел Езовских,14.0,12.0,30.0,16.0,20.0,17.0,9,9,12,5,12,7,0.0,0.0,2,5,6,6,9,7,3,3,0,3,1,1,11.0,9.0,12.0,7.0,7.0,17.0,3,7,2,1,7,3,1,2,1,1,1,1,http://www.khl.ru/game/309/46443/protocol/
543,08.12.2015,Адмирал,Авангард,0:0 0:1 0:0,"Главные судьи: Сергей Гусев, Константин Оленин","Линейные судьи: Александр Захаренков, Александр Садовников",Тренер: Александр Андриевский,Тренер: Евгений Корноухов,15.0,10.0,19.0,23.0,20.0,5.0,5,4,9,13,13,4,0.0,0.0,4,5,6,5,1,4,8,5,7,4,5,3,8.0,6.0,9.0,9.0,9.0,8.0,2,2,0,0,2,2,0,0,1,0,0,1,http://www.khl.ru/game/309/46442/protocol/
529,05.12.2015,Ак Барс,Динамо Р,1:1 1:1 0:1,"Главные судьи: Владимир Букин, Павел Овчинников","Линейные судьи: Евгений Литвинов, Антон Понамаренко",Тренер: Зинэтула Билялетдинов,Тренер: Кари Хейккиля,14.0,12.0,25.0,3.0,13.0,12.0,6,9,14,2,9,4,0.0,0.0,2,3,1,0,2,3,6,4,11,1,10,6,11.0,10.0,10.0,3.0,7.0,8.0,3,4,1,1,4,3,1,1,2,1,1,2,http://www.khl.ru/game/309/46430/protocol/
535,06.12.2015,СКА,Нефтехимик,0:0 1:1 0:0 1:0,"Главные судьи: Сергей Беляев, Владислав Киселёв","Линейные судьи: Константин Горденко, Александр Сысуев",Тренер: Сергей Зубов,Тренер: Владимир Крикунов,21.0,17.0,23.0,19.0,18.0,13.0,12,10,18,8,10,10,1,0,2,2,4,2,1,5,3,2,5,2,5,3,11.0,12.0,13.0,9.0,14.0,5.0,2,5,1,1,5,2,1,1,1,0,0,1,http://www.khl.ru/game/309/46435/protocol/
536,06.12.2015,Спартак,Трактор,1:0 2:1 2:0,"Главные судьи: Алексей Анисимов, Эдуард Одиньш","Линейные судьи: Глеб Лазарев, Станислав Раминг",Тренер: Герман Титов,Тренер: Анвар Гатиятулин,20.0,12.0,19.0,14.0,18.0,13.0,10,8,12,8,12,6,0.0,0.0,1,3,3,7,0,3,8,4,12,8,6,9,5.0,13.0,14.0,7.0,9.0,11.0,1,3,1,0,3,1,0,1,3,1,1,3,http://www.khl.ru/game/309/46434/protocol/
533,06.12.2015,Амур,Югра,0:0 1:0 1:2 1:0,"Главные судьи: Сергей Гусев, Константин Оленин","Линейные судьи: Алексей Медведев, Иван Сазонов",Тренер: Андрей Николишин,Тренер: Павел Езовских,23.0,13.0,18.0,12.0,24.0,15.0,15,8,12,9,17,12,3,0,3,5,1,2,1,4,6,4,5,3,5,2,9.0,7.0,12.0,9.0,13.0,8.0,4,4,2,1,4,4,1,2,1,1,1,1,http://www.khl.ru/game/309/46432/protocol/
534,06.12.2015,Адмирал,Автомобилист,2:0 1:0 0:2,"Главные судьи: Евгений Гамалей, Яков Деев","Линейные судьи: Иван Назаров, Яков Палей",Тренер: Александр Андриевский,Тренер: Андрей Разин,18.0,20.0,12.0,18.0,8.0,17.0,12,11,8,12,4,10,0.0,0.0,5,3,4,3,3,2,8,13,6,8,4,4,9.0,11.0,10.0,18.0,8.0,8.0,2,4,1,1,4,2,1,1,1,1,1,1,http://www.khl.ru/game/309/46433/protocol/
532,05.12.2015,ХК Сочи,Салават Юлаев,5:1 2:3 0:1,"Главные судьи: Антти Боман, Эдуард Одиньш","Линейные судьи: Дмитрий Сивов, Сергей Шелянин",Тренер: Вячеслав Буцаев,Тренер: Игорь Захаркин,23.0,23.0,14.0,24.0,16.0,22.0,15,17,8,12,9,12,0.0,0.0,4,3,6,2,6,3,1,8,10,3,7,3,5.0,18.0,9.0,14.0,4.0,9.0,1,3,1,0,3,1,0,1,6,5,5,6,http://www.khl.ru/game/309/46428/protocol/
530,05.12.2015,Витязь,Северсталь,2:0 0:2 0:0 1:0,"Главные судьи: Эдуард Ибатулин, Ильдар Сафиуллов","Линейные судьи: Никита Вилюгин, Дмитрий Шишло",Тренер: Равиль Якубов,Тренер: Дмитрий Юшкевич,11.0,16.0,13.0,25.0,23.0,16.0,8,6,6,12,15,9,3,1,6,1,6,3,3,3,6,10,6,3,4,4,8.0,4.0,6.0,9.0,9.0,10.0,3,5,1,0,5,3,0,1,2,1,1,2,http://www.khl.ru/game/309/46429/protocol/
531,05.12.2015,Динамо Мск,ЦСКА,0:1 0:0 1:0 0:0 1:0,"Главные судьи: Антонин Йерабек, Алексей Раводин","Линейные судьи: Константин Горденко, Александр Сысуев",Тренер: Харийс Витолиньш,Тренер: Дмитрий Квартальнов,15.0,25.0,15.0,14.0,14.0,19.0,5,14,7,5,4,11,2,4,8,5,6,5,4,8,3,5,5,7,5,2,8.0,11.0,10.0,11.0,7.0,14.0,5,4,0,0,4,5,0,0,1,1,1,1,http://www.khl.ru/game/309/46431/protocol/
525,04.12.2015,Торпедо,Сибирь,2:1 0:1 0:0 0:0 1:0,"Главные судьи: Андрей Рогачёв, Роман Гофман","Линейные судьи: Виктор Томилов, Дмитрий Парфёнов",Тренер: Петерис Скудра,Тренер: Андрей Скабелка,21.0,11.0,19.0,16.0,19.0,6.0,12,8,11,7,9,2,1,1,2,5,2,4,2,3,3,6,4,7,7,4,13.0,13.0,10.0,16.0,14.0,8.0,6,7,1,1,7,6,1,1,1,1,1,1,http://www.khl.ru/game/309/46422/protocol/
523,04.12.2015,СКА,Трактор,1:1 1:1 0:0 1:0,"Главные судьи: Михаил Бутурлин, Александр Сергеев","Линейные судьи: Торнике Кучава, Никита Новиков",Тренер: Сергей Зубов,Тренер: Анвар Гатиятулин,24.0,14.0,35.0,3.0,17.0,23.0,14,9,19,3,9,11,2,0,2,4,0,5,4,3,6,2,1,2,2,4,12.0,9.0,9.0,7.0,5.0,5.0,4,2,1,0,2,4,0,1,1,2,2,1,http://www.khl.ru/game/309/46421/protocol/
526,05.12.2015,Авангард,Слован,2:0 2:1 1:2,"Главные судьи: Юрий Цыплаков, Роман Щенёв","Линейные судьи: Алексей Михель, Евгений Стрельцов",Тренер: Евгений Корноухов,Тренер: Милош Ржига,11.0,10.0,13.0,19.0,16.0,25.0,6,7,9,13,9,14,0.0,0.0,2,2,2,3,5,1,7,5,1,1,3,1,12.0,5.0,7.0,13.0,9.0,12.0,4,2,0,0,2,4,0,0,5,2,2,5,http://www.khl.ru/game/309/46425/protocol/
527,05.12.2015,Барыс,Медвешчак,1:1 4:0 1:0,"Главные судьи: Алексей Белов, Анатолий Захаров","Линейные судьи: Дмитрий Головлёв, Дмитрий Голяк",Тренер: Андрей Назаров,Тренер: Горди Дуайер,24.0,21.0,22.0,15.0,8.0,24.0,14,14,14,10,5,16,0.0,0.0,5,3,2,4,4,3,4,6,3,4,2,3,11.0,17.0,9.0,10.0,7.0,14.0,7,4,2,0,4,7,0,2,4,1,1,4,http://www.khl.ru/game/309/46426/protocol/
528,05.12.2015,Лада,Йокерит,0:2 1:1 0:0,"Главные судьи: Алексей Анисимов, Виктор Гашилов","Линейные судьи: Алексей Майтак, Евгений Пронских",Тренер: Артис Аболс,Тренер: Эркка Вестерлунд,11.0,23.0,15.0,16.0,10.0,8.0,6,14,7,10,4,4,0.0,0.0,4,2,2,2,1,0,5,3,3,1,4,0,4.0,9.0,5.0,15.0,8.0,9.0,2,4,1,0,4,2,0,1,2,1,1,2,http://www.khl.ru/game/309/46427/protocol/
522,04.12.2015,Динамо Мн,Металлург Нк,3:1 1:2 0:1 0:0 1:0,"Главные судьи: Сергей Беляев, Алексей Васильев","Линейные судьи: Пётр Алёшин, Александр Нестеров",Тренер: Андрей Ковалёв,Тренер: Николай Соловьёв,25.0,13.0,15.0,16.0,14.0,17.0,11,8,8,12,6,8,2,4,1,2,2,3,1,4,2,3,1,1,4,3,12.0,9.0,9.0,11.0,10.0,12.0,4,3,0,0,3,4,0,0,4,4,4,4,http://www.khl.ru/game/309/46423/protocol/
521,04.12.2015,Адмирал,Югра,1:0 2:3 1:0,"Главные судьи: Евгений Гамалей, Яков Деев","Линейные судьи: Иван Назаров, Яков Палей",Тренер: Александр Андриевский,Тренер: Павел Езовских,11.0,13.0,16.0,17.0,15.0,14.0,7,5,12,11,7,8,0.0,0.0,6,3,2,1,3,1,5,8,1,2,5,2,8.0,12.0,13.0,8.0,10.0,10.0,1,2,0,0,2,1,0,0,4,3,3,4,http://www.khl.ru/game/309/46420/protocol/
524,04.12.2015,Спартак,Нефтехимик,1:1 2:1 0:3,"Главные судьи: Эдуард Ибатулин, Юрий Оскирко","Линейные судьи: Антон Понамаренко, Дмитрий Шишло",Тренер: Герман Титов,Тренер: Владимир Крикунов,11.0,13.0,14.0,20.0,9.0,17.0,4,6,8,14,7,10,0.0,0.0,4,1,2,1,0,0,1,2,5,7,8,8,6.0,10.0,10.0,10.0,8.0,11.0,5,5,1,1,5,5,1,1,4,2,2,4,http://www.khl.ru/game/309/46424/protocol/
517,03.12.2015,Ак Барс,Йокерит,1:0 2:1 1:0,"Главные судьи: Антонин Йерабек, Эдуард Одиньш","Линейные судьи: Александр Отмахов, Станислав Раминг",Тренер: Зинэтула Билялетдинов,Тренер: Эркка Вестерлунд,16.0,15.0,17.0,19.0,13.0,18.0,7,8,8,11,10,9,0.0,0.0,3,3,3,4,4,0,6,3,1,1,1,2,9.0,10.0,8.0,14.0,12.0,5.0,4,2,1,0,2,4,0,1,1,1,1,1,http://www.khl.ru/game/309/46417/protocol/
518,03.12.2015,Локомотив,Северсталь,0:1 1:0 2:0,"Главные судьи: Антон Лаврентьев, Александр Соин","Линейные судьи: Никита Вилюгин, Никита Шалагин",Тренер: Алексей Кудашов,Тренер: Дмитрий Юшкевич,14.0,15.0,26.0,8.0,13.0,18.0,9,9,13,2,7,8,0.0,0.0,3,3,3,7,4,0,3,4,4,4,4,3,6.0,13.0,12.0,7.0,9.0,6.0,6,4,2,0,4,6,0,2,1,1,1,1,http://www.khl.ru/game/309/46416/protocol/
613,02.12.2015,СКА,Спартак,1:0 3:0 1:0,"Главные судьи: Вячеслав Буланов, Алексей Раводин","Линейные судьи: Эдуард Метальников, Александр Сироткин",Тренер: Сергей Зубов,Тренер: Герман Титов,16.0,16.0,22.0,21.0,10.0,19.0,9,6,15,12,5,13,0.0,0.0,4,3,4,2,4,2,5,2,2,2,3,3,11.0,7.0,11.0,11.0,13.0,7.0,4,4,1,0,4,4,0,1,4,0,0,4,http://www.khl.ru/game/309/46512/protocol/
514,02.12.2015,Торпедо,Металлург Нк,0:0 1:2 1:2,"Главные судьи: Яков Деев, Эдуард Ибатулин","Линейные судьи: Евгений Литвинов, Алексей Медведев",Тренер: Петерис Скудра,Тренер: Николай Соловьёв,27.0,9.0,23.0,9.0,16.0,9.0,14,7,13,6,10,5,0.0,0.0,1,6,1,8,2,5,9,1,5,4,2,3,11.0,10.0,12.0,12.0,17.0,4.0,2,5,1,0,5,2,0,1,3,2,2,3,http://www.khl.ru/game/309/46412/protocol/
515,03.12.2015,Авангард,Медвешчак,2:0 2:1 2:2,"Главные судьи: Владимир Букин, Артур Кулёв","Линейные судьи: Максим Берсенёв, Евгений Юдин",Тренер: Евгений Корноухов,Тренер: Горди Дуайер,19.0,12.0,24.0,13.0,15.0,10.0,11,4,16,7,8,5,0.0,0.0,3,4,2,3,2,5,6,6,2,5,3,2,6.0,9.0,12.0,7.0,10.0,12.0,3,5,0,0,5,3,0,0,5,3,3,5,http://www.khl.ru/game/309/46414/protocol/
516,03.12.2015,Барыс,Слован,2:2 2:2 0:0 1:0,"Главные судьи: Антти Боман, Анатолий Захаров","Линейные судьи: Юрий Иванов, Сергей Мисюрь",Тренер: Андрей Назаров,Тренер: Милош Ржига,21.0,17.0,14.0,19.0,12.0,11.0,18,11,14,10,11,10,2,2,5,2,5,0,1,1,5,2,4,1,0,2,12.0,14.0,21.0,9.0,8.0,11.0,5,3,2,1,3,5,1,2,2,3,3,2,http://www.khl.ru/game/309/46415/protocol/
520,04.12.2015,Амур,Автомобилист,0:0 2:0 0:1,"Главные судьи: Сергей Гусев, Константин Оленин","Линейные судьи: Алексей Медведев, Иван Сазонов",Тренер: Андрей Николишин,Тренер: Андрей Разин,22.0,17.0,22.0,14.0,18.0,21.0,13,12,19,9,11,17,0.0,0.0,5,4,3,1,1,4,6,5,2,9,10,4,8.0,9.0,10.0,11.0,10.0,7.0,2,2,0,0,2,2,0,0,2,1,1,2,http://www.khl.ru/game/309/46419/protocol/
519,03.12.2015,ХК Сочи,Динамо Р,0:0 1:1 0:0 0:1,"Главные судьи: Алексей Белов, Юрий Цыплаков","Линейные судьи: Алексей Майтак, Евгений Пронских",Тренер: Вячеслав Буцаев,Тренер: Кари Хейккиля,22.0,10.0,18.0,27.0,18.0,11.0,12,7,13,18,8,5,2,5,3,4,4,1,5,2,7,4,5,0,8,2,7.0,4.0,10.0,10.0,4.0,9.0,5,1,1,0,1,5,0,1,1,1,1,1,http://www.khl.ru/game/309/46418/protocol/
506,30.11.2015,ЦСКА,Металлург Нк,2:0 0:0 1:0,"Главные судьи: Антон Лаврентьев, Роман Щенёв","Линейные судьи: Максим Берсенёв, Евгений Юдин",Тренер: Дмитрий Квартальнов,Тренер: Николай Соловьёв,22.0,14.0,21.0,17.0,26.0,16.0,13,5,10,7,16,7,0.0,0.0,5,2,6,5,4,3,9,3,6,5,8,3,12.0,9.0,11.0,10.0,11.0,9.0,3,5,2,0,5,3,0,2,1,0,0,1,http://www.khl.ru/game/309/46402/protocol/
512,02.12.2015,Салават Юлаев,Металлург Мг,2:0 3:1 1:1,"Главные судьи: Алексей Анисимов, Денис Наумов","Линейные судьи: Глеб Лазарев, Сергей Шелянин",Тренер: Игорь Захаркин,Тренер: Илья Воробьёв,21.0,25.0,16.0,18.0,17.0,18.0,12,13,6,8,7,11,0.0,0.0,7,6,4,1,4,0,2,5,1,6,2,5,9.0,13.0,11.0,8.0,10.0,7.0,3,4,2,0,4,3,0,2,4,2,2,4,http://www.khl.ru/game/309/46411/protocol/
507,01.12.2015,Авангард,Витязь,1:1 0:0 2:0,"Главные судьи: Юрий Оскирко, Андрей Рогачёв","Линейные судьи: Никита Вилюгин, Андрей Матюша",Тренер: Евгений Корноухов,Тренер: Равиль Якубов,22.0,15.0,22.0,10.0,9.0,17.0,13,8,15,7,6,12,0.0,0.0,4,1,2,5,3,2,1,2,2,6,1,3,10.0,7.0,10.0,9.0,9.0,10.0,3,5,1,1,5,3,1,1,2,0,0,2,http://www.khl.ru/game/309/46406/protocol/
509,01.12.2015,Барыс,Динамо Мск,0:0 0:0 1:1 0:0 1:0,"Главные судьи: Антти Боман, Антонин Йерабек","Линейные судьи: Юрий Иванов, Сергей Мисюрь",Тренер: Андрей Назаров,Тренер: Харийс Витолиньш,18.0,10.0,10.0,13.0,14.0,21.0,12,4,5,8,8,9,2,4,4,2,6,5,7,4,4,0,8,5,4,4,6.0,7.0,5.0,8.0,8.0,8.0,4,3,1,0,3,4,0,1,0,1,1,0,http://www.khl.ru/game/309/46408/protocol/
511,01.12.2015,Йокерит,Лада,0:2 0:1 1:0,"Главные судьи: Алексей Белов, Сергей Беляев","Линейные судьи: Александр Садовников, Александр Захаренков",Тренер: Эркка Вестерлунд,Тренер: Артис Аболс,15.0,14.0,22.0,12.0,25.0,7.0,9,8,12,6,16,4,0.0,0.0,1,3,2,5,0,1,4,5,5,6,5,3,11.0,12.0,10.0,8.0,13.0,8.0,6,3,1,0,3,6,0,1,2,1,1,2,http://www.khl.ru/game/309/46410/protocol/
513,02.12.2015,Динамо Мн,Сибирь,0:1 0:0 2:1 0:1,"Главные судьи: Сергей Кулаков, Константин Оленин","Линейные судьи: Степан Коршак, Александр Чернышёв",Тренер: Андрей Ковалёв,Тренер: Андрей Скабелка,8.0,19.0,14.0,11.0,16.0,16.0,5,10,5,7,9,6,2,1,3,2,2,3,5,3,7,4,6,2,4,2,13.0,9.0,7.0,10.0,12.0,15.0,2,4,1,0,4,2,0,1,2,1,1,2,http://www.khl.ru/game/309/46413/protocol/
510,01.12.2015,Югра,Медвешчак,0:0 2:1 2:0,"Главные судьи: Эдуард Одиньш, Ильдар Сафиуллов","Линейные судьи: Дмитрий Головлёв, Дмитрий Шишло",Тренер: Павел Езовских,Тренер: Горди Дуайер,15.0,15.0,17.0,23.0,11.0,16.0,9,10,12,13,10,8,0.0,0.0,3,3,4,0,2,1,4,3,0,5,4,1,11.0,7.0,6.0,12.0,10.0,9.0,2,3,1,1,3,2,1,1,3,0,0,3,http://www.khl.ru/game/309/46409/protocol/
508,01.12.2015,Автомобилист,Слован,2:2 2:0 0:1,"Главные судьи: Алексей Васильев, Александр Сергеев","Линейные судьи: Александр Отмахов, Роман Шиханов",Тренер: Андрей Разин,Тренер: Милош Ржига,23.0,18.0,16.0,19.0,10.0,30.0,14,13,7,12,7,17,0.0,0.0,3,6,4,1,4,1,0,5,3,3,3,2,16.0,10.0,12.0,19.0,7.0,16.0,4,5,2,1,5,4,1,2,3,1,1,3,http://www.khl.ru/game/309/46407/protocol/
502,30.11.2015,Динамо Мн,Амур,0:1 1:0 2:0,"Главные судьи: Анатолий Захаров, Александр Соин","Линейные судьи: Степан Коршак, Александр Чернышёв",Тренер: Андрей Ковалёв,Тренер: Сергей Шепелев,21.0,16.0,23.0,7.0,20.0,3.0,10,8,11,6,12,3,0.0,0.0,5,3,1,8,0,2,4,8,2,1,3,1,8.0,6.0,10.0,9.0,12.0,6.0,6,2,2,0,2,6,0,2,1,1,1,1,http://www.khl.ru/game/309/46404/protocol/
501,30.11.2015,Северсталь,Сибирь,0:0 1:1 0:1,"Главные судьи: Алексей Анисимов, Сергей Гусев","Линейные судьи: Эдуард Метальников, Александр Сироткин",Тренер: Дмитрий Юшкевич,Тренер: Андрей Скабелка,16.0,12.0,19.0,19.0,23.0,18.0,9,5,8,7,10,10,0.0,0.0,6,5,6,7,5,10,4,8,6,4,3,0,12.0,9.0,9.0,11.0,13.0,3.0,3,4,1,0,4,3,0,1,1,1,1,1,http://www.khl.ru/game/309/46400/protocol/
499,29.11.2015,Динамо Р,Лада,1:0 1:0 0:0,"Главные судьи: Евгений Гамалей, Даниэль Конц","Линейные судьи: Сергей Мисюрь, Алексей Медведев",Тренер: Кари Хейккиля,Тренер: Артис Аболс,22.0,9.0,14.0,17.0,11.0,23.0,12,2,10,11,7,9,0.0,0.0,3,7,4,1,8,0,4,4,5,5,2,3,10.0,8.0,13.0,4.0,11.0,5.0,3,2,1,0,2,3,0,1,1,0,0,1,http://www.khl.ru/game/309/46398/protocol/
498,29.11.2015,Йокерит,Ак Барс,1:0 0:0 1:1,"Главные судьи: Алексей Белов, Денис Наумов","Линейные судьи: Александр Захаренков, Александр Садовников",Тренер: Эркка Вестерлунд,Тренер: Зинэтула Билялетдинов,11.0,18.0,7.0,18.0,16.0,16.0,6,7,2,9,10,9,0.0,0.0,3,1,1,1,1,1,7,8,8,5,3,7,9.0,4.0,8.0,10.0,11.0,9.0,2,2,0,0,2,2,0,0,2,1,1,2,http://www.khl.ru/game/309/46397/protocol/
504,30.11.2015,Торпедо,Адмирал,1:0 1:0 0:2 0:0 0:1,"Главные судьи: Максим Сидоренко, Артур Кулёв","Линейные судьи: Никита Шалагин, Антон Понамаренко",Тренер: Петерис Скудра,Тренер: Александр Андриевский,13.0,18.0,11.0,14.0,14.0,11.0,9,10,7,8,6,8,4,1,4,2,3,1,0,3,3,11,8,9,0,2,11.0,12.0,10.0,15.0,13.0,5.0,5,6,1,0,6,5,0,1,2,1,1,2,http://www.khl.ru/game/309/46403/protocol/
503,30.11.2015,Локомотив,Спартак,2:1 0:1 1:1 0:0 1:0,"Главные судьи: Владимир Букин, Павел Комаров","Линейные судьи: Глеб Лазарев, Александр Сысуев",Тренер: Алексей Кудашов,Тренер: Герман Титов,17.0,19.0,17.0,18.0,27.0,10.0,11,13,10,11,18,5,1,0,5,5,3,4,3,7,8,3,6,8,7,6,9.0,8.0,6.0,11.0,9.0,8.0,2,4,1,0,4,2,0,1,2,3,3,2,http://www.khl.ru/game/309/46401/protocol/
500,30.11.2015,Металлург Мг,Нефтехимик,0:0 2:0 3:0,"Главные судьи: Владислав Киселёв, Юрий Цыплаков","Линейные судьи: Евгений Стрельцов, Алексей Михель",Тренер: Илья Воробьёв,Тренер: Владимир Крикунов,21.0,12.0,26.0,17.0,6.0,18.0,11,7,16,10,5,9,0.0,0.0,1,6,5,5,4,0,5,9,3,6,2,3,8.0,17.0,16.0,12.0,11.0,10.0,4,3,1,0,3,4,0,1,4,0,0,4,http://www.khl.ru/game/309/46399/protocol/
505,30.11.2015,ХК Сочи,СКА,1:0 1:1 0:1 0:1,"Главные судьи: Денис Бондарь, Виктор Гашилов","Линейные судьи: Константин Горденко, Виктор Томилов",Тренер: Вячеслав Буцаев,Тренер: Сергей Зубов,22.0,13.0,17.0,22.0,25.0,12.0,10,8,9,10,11,5,2,3,3,2,8,6,3,4,8,5,4,5,10,5,5.0,8.0,7.0,11.0,7.0,6.0,3,1,1,0,1,3,0,1,1,2,2,1,http://www.khl.ru/game/309/46405/protocol/
495,29.11.2015,Барыс,Витязь,1:0 1:0 2:1,"Главные судьи: Михаил Бутурлин, Сергей Кулаков","Линейные судьи: Пётр Алёшин, Александр Нестеров",Тренер: Андрей Назаров,Тренер: Равиль Якубов,23.0,11.0,23.0,17.0,12.0,12.0,14,7,13,10,6,9,0.0,0.0,3,6,3,5,1,0,2,6,5,2,1,1,11.0,9.0,10.0,12.0,11.0,9.0,4,3,1,0,3,4,0,1,3,1,1,3,http://www.khl.ru/game/309/46395/protocol/
490,28.11.2015,Торпедо,Амур,0:1 1:0 0:0 0:0 1:0,"Главные судьи: Владимир Букин, Антон Лаврентьев","Линейные судьи: Евгений Юдин, Максим Берсенёв",Тренер: Петерис Скудра,Тренер: Сергей Шепелев,20.0,15.0,14.0,10.0,19.0,11.0,9,10,6,6,10,6,2,1,3,4,3,6,2,2,5,4,5,3,2,4,14.0,8.0,10.0,5.0,10.0,6.0,5,5,1,0,5,5,0,1,0,1,1,0,http://www.khl.ru/game/309/46387/protocol/
492,28.11.2015,ЦСКА,Сибирь,2:0 0:1 1:0,"Главные судьи: Денис Бондарь, Виктор Гашилов","Линейные судьи: Иван Сазонов, Юрий Иванов",Тренер: Дмитрий Квартальнов,Тренер: Андрей Скабелка,26.0,18.0,21.0,16.0,19.0,15.0,19,7,13,10,10,6,0.0,0.0,6,6,4,2,6,4,13,5,4,5,4,8,11.0,10.0,10.0,4.0,15.0,9.0,5,3,1,0,3,5,0,1,3,0,0,3,http://www.khl.ru/game/309/46391/protocol/
494,29.11.2015,Автомобилист,Медвешчак,0:0 0:1 0:0,"Главные судьи: Сергей Беляев, Юрий Оскирко","Линейные судьи: Дмитрий Голяк, Дмитрий Парфёнов",Тренер: Андрей Разин,Тренер: Горди Дуайер,17.0,24.0,19.0,15.0,20.0,7.0,8,15,14,13,12,5,0.0,0.0,2,6,2,2,0,4,3,8,10,4,12,5,6.0,16.0,12.0,16.0,6.0,12.0,1,3,0,0,3,1,0,0,1,0,0,1,http://www.khl.ru/game/309/46394/protocol/
497,29.11.2015,Югра,Слован,0:0 1:1 0:2,"Главные судьи: Яков Деев, Ильдар Сафиуллов","Линейные судьи: Дмитрий Головлёв, Дмитрий Шишло",Тренер: Павел Езовских,Тренер: Милош Ржига,13.0,19.0,25.0,24.0,20.0,13.0,6,11,14,9,7,10,0.0,0.0,4,1,6,8,2,7,7,2,3,3,4,3,5.0,12.0,10.0,13.0,6.0,7.0,3,4,1,0,4,3,0,1,2,1,1,2,http://www.khl.ru/game/309/46396/protocol/
493,29.11.2015,Авангард,Динамо Мск,0:0 2:1 0:1 0:0 1:0,"Главные судьи: Роман Гофман, Кит Кавал","Линейные судьи: Александр Отмахов, Станислав Раминг",Тренер: Евгений Корноухов,Тренер: Харийс Витолиньш,11.0,16.0,25.0,10.0,15.0,14.0,8,8,15,7,6,12,2,1,7,0,1,5,1,4,5,4,4,5,2,0,16.0,6.0,10.0,8.0,11.0,9.0,3,6,1,0,6,3,0,1,2,0,0,2,http://www.khl.ru/game/309/46393/protocol/
496,29.11.2015,Трактор,Салават Юлаев,0:0 1:1 0:2,"Главные судьи: Антонин Йерабек, Антти Боман","Линейные судьи: Андрей Матюша, Роман Шиханов",Тренер: Анвар Гатиятулин,Тренер: Игорь Захаркин,18.0,25.0,20.0,26.0,10.0,22.0,12,10,10,17,3,14,0.0,0.0,7,3,6,6,4,6,4,5,6,3,2,3,2.0,12.0,7.0,8.0,8.0,10.0,4,3,1,0,3,4,0,1,2,1,1,2,http://www.khl.ru/game/309/46392/protocol/
491,28.11.2015,ХК Сочи,Спартак,1:0 1:1 0:0,"Главные судьи: Рафаэль Кадыров, Роман Щенёв","Линейные судьи: Константин Горденко, Виктор Томилов",Тренер: Вячеслав Буцаев,Тренер: Герман Титов,22.0,24.0,18.0,19.0,14.0,12.0,13,16,12,12,5,4,0.0,0.0,4,3,4,3,6,4,7,2,8,5,7,3,17.0,8.0,14.0,5.0,7.0,8.0,6,4,1,0,4,6,0,1,1,1,1,1,http://www.khl.ru/game/309/46389/protocol/
483,27.11.2015,Автомобилист,Динамо Мск,0:1 0:1 1:2,"Главные судьи: Антти Боман, Антонин Йерабек","Линейные судьи: Андрей Матюша, Яков Палей",Тренер: Андрей Разин,Тренер: Харийс Витолиньш,23.0,15.0,7.0,37.0,18.0,12.0,13,5,3,24,6,8,0.0,0.0,4,5,6,1,2,5,6,3,2,0,3,2,10.0,8.0,8.0,11.0,12.0,7.0,2,4,1,0,4,2,0,1,3,1,1,3,http://www.khl.ru/game/309/46383/protocol/
488,28.11.2015,Динамо Мн,Адмирал,0:1 4:0 1:2,"Главные судьи: Андрей Рогачёв, Юрий Цыплаков","Линейные судьи: Торнике Кучава, Никита Новиков",Тренер: Андрей Ковалёв,Тренер: Александр Андриевский,18.0,20.0,16.0,17.0,7.0,28.0,8,10,14,6,3,14,0.0,0.0,5,2,3,0,6,1,5,10,2,3,3,3,16.0,12.0,14.0,9.0,12.0,16.0,4,4,3,0,4,4,0,3,2,2,2,2,http://www.khl.ru/game/309/46388/protocol/
484,27.11.2015,Барыс,Салават Юлаев,0:2 0:0 1:2,"Главные судьи: Алексей Белов, Роман Гофман","Линейные судьи: Пётр Алёшин, Александр Нестеров",Тренер: Андрей Назаров,Тренер: Игорь Захаркин,13.0,27.0,11.0,19.0,16.0,12.0,7,20,7,11,11,8,0.0,0.0,1,0,5,2,1,2,4,2,7,2,2,2,11.0,10.0,19.0,12.0,10.0,7.0,6,3,1,0,3,6,0,1,3,1,1,3,http://www.khl.ru/game/309/46384/protocol/
486,27.11.2015,Нефтехимик,Металлург Мг,0:1 1:0 1:1 0:1,"Главные судьи: Евгений Гамалей, Артур Кулёв","Линейные судьи: Евгений Литвинов, Дмитрий Шишло",Тренер: Владимир Крикунов,Тренер: Илья Воробьёв,22.0,30.0,16.0,26.0,21.0,19.0,14,13,8,15,14,11,0,3,12,6,5,3,4,3,7,5,3,5,8,1,11.0,12.0,11.0,13.0,14.0,9.0,3,5,1,1,5,3,1,1,1,1,1,1,http://www.khl.ru/game/309/46385/protocol/
489,28.11.2015,Локомотив,СКА,0:2 2:1 0:0,"Главные судьи: Алексей Анисимов, Вячеслав Буланов","Линейные судьи: Сергей Шелянин, Дмитрий Сивов",Тренер: Алексей Кудашов,Тренер: Сергей Зубов,20.0,19.0,19.0,25.0,25.0,15.0,12,13,7,11,11,4,0.0,0.0,2,4,4,8,5,6,4,8,4,4,6,1,8.0,9.0,7.0,8.0,13.0,7.0,2,2,1,0,2,2,0,1,2,2,2,2,http://www.khl.ru/game/309/46390/protocol/
485,27.11.2015,Трактор,Витязь,2:1 1:0 1:0,"Главные судьи: Алексей Васильев, Анатолий Захаров","Линейные судьи: Дмитрий Голяк, Станислав Раминг",Тренер: Анвар Гатиятулин,Тренер: Олег Ореховский,38.0,16.0,26.0,12.0,21.0,22.0,20,8,15,7,8,8,0.0,0.0,5,7,4,7,8,4,6,11,6,14,8,7,15.0,9.0,7.0,8.0,6.0,6.0,5,5,2,0,5,5,0,2,2,1,1,2,http://www.khl.ru/game/309/46382/protocol/
487,28.11.2015,Северсталь,Металлург Нк,0:1 1:1 0:1,"Главные судьи: Павел Комаров, Александр Соин","Линейные судьи: Степан Коршак, Александр Чернышёв",Тренер: Дмитрий Юшкевич,Тренер: Николай Соловьёв,23.0,13.0,16.0,12.0,26.0,10.0,15,8,5,4,12,8,0.0,0.0,2,5,3,6,1,8,3,0,6,1,2,1,16.0,12.0,6.0,5.0,13.0,9.0,5,3,0,0,3,5,0,0,3,1,1,3,http://www.khl.ru/game/309/46386/protocol/
482,26.11.2015,Динамо Р,Локомотив,0:1 0:1 0:1,"Главные судьи: Константин Оленин, Даниэль Конц","Линейные судьи: Торнике Кучава, Никита Новиков",Тренер: Кари Хейккиля,Тренер: Алексей Кудашов,12.0,24.0,9.0,9.0,10.0,18.0,6,12,6,6,6,7,0.0,0.0,8,2,3,3,3,2,7,4,3,8,3,1,10.0,10.0,5.0,10.0,3.0,6.0,2,3,1,0,3,2,0,1,2,0,0,2,http://www.khl.ru/game/309/46381/protocol/
477,26.11.2015,Лада,СКА,1:1 1:0 0:1 0:1,"Главные судьи: Кит Кавал, Александр Сергеев","Линейные судьи: Дмитрий Парфёнов, Александр Сысуев",Тренер: Артис Аболс,Тренер: Сергей Зубов,22.0,9.0,13.0,21.0,11.0,25.0,9,4,10,13,8,15,0,2,2,4,3,1,2,0,2,4,3,3,1,3,9.0,12.0,7.0,8.0,14.0,10.0,4,4,1,1,4,4,1,1,1,0,0,1,http://www.khl.ru/game/309/46376/protocol/
474,25.11.2015,Автомобилист,Витязь,1:0 2:2 0:0,"Главные судьи: Вячеслав Буланов, Ильдар Сафиуллов","Линейные судьи: Андрей Матюша, Сергей Мисюрь",Тренер: Андрей Разин,Тренер: Олег Ореховский,21.0,17.0,25.0,22.0,15.0,13.0,15,11,14,14,6,7,0.0,0.0,0,1,4,4,2,3,8,4,2,3,5,4,8.0,9.0,7.0,16.0,12.0,8.0,2,4,1,1,4,2,1,1,2,1,1,2,http://www.khl.ru/game/309/46374/protocol/
479,26.11.2015,Ак Барс,Спартак,0:1 3:0 3:0,"Главные судьи: Виктор Гашилов, Сергей Гусев","Линейные судьи: Алексей Майтак, Евгений Пронских",Тренер: Зинэтула Билялетдинов,Тренер: Герман Титов,18.0,18.0,15.0,20.0,19.0,20.0,8,13,10,15,8,12,0.0,0.0,1,3,3,3,4,3,4,7,12,7,7,9,10.0,8.0,14.0,9.0,9.0,5.0,3,3,1,0,3,3,0,1,5,1,1,5,http://www.khl.ru/game/309/46380/protocol/
478,26.11.2015,Северсталь,Адмирал,1:1 2:3 1:0 0:0 0:1,"Главные судьи: Сергей Беляев, Эдуард Ибатулин","Линейные судьи: Юрий Иванов, Никита Шалагин",Тренер: Дмитрий Юшкевич,Тренер: Александр Андриевский,18.0,19.0,22.0,24.0,33.0,12.0,11,12,14,15,20,8,2,0,5,4,6,5,3,7,5,3,4,2,4,2,7.0,8.0,15.0,11.0,12.0,13.0,3,4,1,1,4,3,1,1,3,3,3,3,http://www.khl.ru/game/309/46377/protocol/
480,26.11.2015,Йокерит,ХК Сочи,1:0 1:3 0:2,"Главные судьи: Михаил Бутурлин, Юрий Цыплаков","Линейные судьи: Константин Горденко, Виктор Томилов",Тренер: Эркка Вестерлунд,Тренер: Вячеслав Буцаев,12.0,19.0,24.0,27.0,38.0,9.0,7,11,13,15,20,5,0.0,0.0,3,1,6,2,2,7,6,2,6,5,1,8,10.0,4.0,15.0,12.0,18.0,9.0,6,7,1,1,7,6,1,1,4,1,1,4,http://www.khl.ru/game/309/46378/protocol/
481,26.11.2015,ЦСКА,Амур,0:0 0:0 2:0,"Главные судьи: Владислав Киселёв, Андрей Рогачёв","Линейные судьи: Дмитрий Сивов, Сергей Шелянин",Тренер: Дмитрий Квартальнов,Тренер: Сергей Шепелев,15.0,10.0,20.0,9.0,39.0,13.0,6,9,9,5,22,5,0.0,0.0,0,7,2,7,4,10,11,7,14,11,6,5,14.0,6.0,7.0,9.0,8.0,8.0,4,4,1,0,4,4,0,1,1,0,0,1,http://www.khl.ru/game/309/46379/protocol/
475,25.11.2015,Трактор,Металлург Мг,0:2 0:1 1:1,"Главные судьи: Владимир Букин, Максим Сидоренко","Линейные судьи: Глеб Лазарев, Александр Отмахов",Тренер: Анвар Гатиятулин,Тренер: Илья Воробьёв,14.0,15.0,29.0,14.0,19.0,7.0,8,7,13,6,7,4,0.0,0.0,7,4,2,6,1,4,7,11,6,7,4,3,5.0,8.0,10.0,5.0,9.0,7.0,1,3,0,0,3,1,0,0,4,1,1,4,http://www.khl.ru/game/309/46373/protocol/
476,25.11.2015,Нефтехимик,Динамо Мск,3:1 1:1 1:1,"Главные судьи: Алексей Белов, Павел Комаров","Линейные судьи: Алексей Медведев, Роман Шиханов",Тренер: Владимир Крикунов,Тренер: Харийс Витолиньш,26.0,28.0,16.0,28.0,11.0,31.0,14,19,9,17,7,12,0.0,0.0,4,3,6,2,8,2,6,4,13,4,9,6,15.0,15.0,14.0,12.0,14.0,6.0,2,5,1,0,5,2,0,1,3,3,3,3,http://www.khl.ru/game/309/46375/protocol/
472,24.11.2015,Медвешчак,Торпедо,1:0 1:1 0:0,"Главные судьи: Рафаэль Кадыров, Роман Щенёв","Линейные судьи: Дмитрий Парфёнов, Александр Сысуев",Тренер: Горди Дуайер,Тренер: Петерис Скудра,21.0,12.0,12.0,15.0,10.0,14.0,15,6,7,6,4,8,0.0,0.0,2,2,5,3,5,2,3,2,5,5,8,5,11.0,6.0,12.0,10.0,15.0,8.0,4,6,1,0,6,4,0,1,1,1,1,1,http://www.khl.ru/game/309/46371/protocol/
473,25.11.2015,Металлург Нк,Салават Юлаев,1:1 0:3 1:0,"Главные судьи: Денис Бондарь, Яков Деев","Линейные судьи: Никита Вилюгин, Иван Назаров",Тренер: Николай Соловьёв,Тренер: Игорь Захаркин,17.0,23.0,17.0,19.0,21.0,18.0,10,13,11,12,10,8,0.0,0.0,6,2,3,0,2,4,6,7,4,2,2,4,13.0,5.0,5.0,10.0,12.0,10.0,3,6,2,2,6,3,2,2,2,0,0,2,http://www.khl.ru/game/309/46372/protocol/
469,24.11.2015,Слован,Динамо Мн,1:0 0:1 3:0,"Главные судьи: Юрий Оскирко, Алексей Раводин","Линейные судьи: Пётр Алёшин, Юрий Иванов",Тренер: Милош Ржига,Тренер: Андрей Ковалёв,23.0,16.0,18.0,12.0,22.0,17.0,13,9,9,8,17,4,0.0,0.0,6,7,4,7,9,2,5,3,2,0,5,3,4.0,10.0,8.0,11.0,11.0,13.0,1,3,0,0,3,1,0,0,3,1,1,3,http://www.khl.ru/game/309/46366/protocol/
467,24.11.2015,Ак Барс,СКА,1:0 0:1 2:1,"Главные судьи: Алексей Анисимов, Роман Гофман","Линейные судьи: Дмитрий Сивов, Сергей Шелянин",Тренер: Зинэтула Билялетдинов,Тренер: Сергей Зубов,18.0,8.0,7.0,18.0,18.0,27.0,11,3,3,10,10,13,0.0,0.0,1,4,4,0,6,3,7,7,3,6,3,3,11.0,7.0,14.0,8.0,10.0,8.0,4,4,0,0,4,4,0,0,2,2,2,2,http://www.khl.ru/game/309/46369/protocol/
470,24.11.2015,ЦСКА,Адмирал,2:0 1:0 2:1,"Главные судьи: Константин Оленин, Кит Кавал","Линейные судьи: Степан Коршак, Александр Чернышёв",Тренер: Дмитрий Квартальнов,Тренер: Александр Андриевский,28.0,13.0,23.0,18.0,21.0,10.0,17,6,8,5,12,7,0.0,0.0,4,7,5,6,2,1,9,10,7,2,0,5,8.0,9.0,11.0,3.0,10.0,9.0,7,3,1,0,3,7,0,1,3,1,1,3,http://www.khl.ru/game/309/46368/protocol/
471,24.11.2015,Динамо Р,ХК Сочи,0:1 0:0 1:1,"Главные судьи: Алексей Васильев, Владислав Киселёв","Линейные судьи: Торнике Кучава, Никита Новиков",Тренер: Кари Хейккиля,Тренер: Вячеслав Буцаев,9.0,14.0,18.0,17.0,27.0,11.0,1,8,7,12,11,5,0.0,0.0,0,4,5,4,4,4,2,2,0,2,1,1,8.0,9.0,9.0,15.0,13.0,10.0,1,8,1,1,8,1,1,1,1,0,0,1,http://www.khl.ru/game/309/46370/protocol/
468,24.11.2015,Йокерит,Локомотив,2:0 0:0 1:1,"Главные судьи: Михаил Бутурлин, Александр Соин","Линейные судьи: Константин Горденко, Виктор Томилов",Тренер: Эркка Вестерлунд,Тренер: Алексей Кудашов,14.0,15.0,16.0,11.0,12.0,19.0,10,8,9,5,6,7,0.0,0.0,3,3,2,3,4,3,9,6,4,8,10,4,9.0,8.0,9.0,5.0,9.0,3.0,3,6,1,1,6,3,1,1,2,0,0,2,http://www.khl.ru/game/309/46367/protocol/
466,24.11.2015,Северсталь,Амур,1:2 0:0 0:2,"Главные судьи: Евгений Гамалей, Юрий Цыплаков","Линейные судьи: Алексей Майтак, Евгений Пронских",Тренер: Дмитрий Юшкевич,Тренер: Сергей Шепелев,25.0,13.0,24.0,11.0,22.0,9.0,17,9,11,6,14,5,0.0,0.0,3,5,3,4,3,5,2,4,2,3,2,1,10.0,8.0,14.0,4.0,10.0,11.0,2,3,0,0,3,2,0,0,4,1,1,4,http://www.khl.ru/game/309/46365/protocol/
461,22.11.2015,Витязь,Динамо Мн,1:1 1:1 0:2,"Главные судьи: Владислав Киселёв, Юрий Цыплаков","Линейные судьи: Алексей Медведев, Сергей Шелянин",Тренер: Олег Ореховский,Тренер: Андрей Ковалёв,17.0,21.0,11.0,25.0,18.0,10.0,10,13,8,15,15,4,0.0,0.0,6,2,5,2,1,1,2,8,10,9,9,2,5.0,8.0,8.0,12.0,11.0,11.0,3,5,1,1,5,3,1,1,3,1,1,3,http://www.khl.ru/game/309/46360/protocol/
460,22.11.2015,Нефтехимик,Трактор,2:0 1:0 0:0,"Главные судьи: Сергей Беляев, Юрий Оскирко","Линейные судьи: Иван Назаров, Александр Нестеров",Тренер: Владимир Крикунов,Тренер: Андрей Николишин,18.0,20.0,21.0,20.0,11.0,25.0,12,12,11,12,6,13,0.0,0.0,4,6,4,3,6,4,9,9,8,3,11,4,7.0,16.0,14.0,8.0,14.0,13.0,1,5,1,0,5,1,0,1,1,0,0,1,http://www.khl.ru/game/309/46359/protocol/
459,21.11.2015,ЦСКА,Медвешчак,1:0 1:1 1:0,"Главные судьи: Роман Гофман, Алексей Раводин","Линейные судьи: Дмитрий Головлёв, Алексей Медведев",Тренер: Дмитрий Квартальнов,Тренер: Горди Дуайер,23.0,17.0,21.0,10.0,22.0,19.0,12,8,10,5,15,7,0.0,0.0,6,5,1,7,7,1,12,7,9,7,6,5,13.0,13.0,13.0,6.0,6.0,13.0,7,7,2,0,7,7,0,2,1,1,1,1,http://www.khl.ru/game/309/46357/protocol/
464,23.11.2015,Сибирь,Авангард,0:0 0:1 1:0 1:0,"Главные судьи: Яков Деев, Анатолий Захаров","Линейные судьи: Александр Отмахов, Сергей Мисюрь",Тренер: Андрей Скабелка,Тренер: Евгений Корноухов,11.0,21.0,19.0,23.0,23.0,17.0,7,11,7,8,13,10,3,3,7,2,6,4,2,4,5,7,6,4,12,4,6.0,10.0,7.0,16.0,8.0,16.0,3,5,1,0,5,3,0,1,1,0,0,1,http://www.khl.ru/game/309/46362/protocol/
463,23.11.2015,Автомобилист,Югра,1:1 0:0 2:0,"Главные судьи: Павел Овчинников, Денис Наумов","Линейные судьи: Никита Вилюгин, Евгений Литвинов",Тренер: Андрей Разин,Тренер: Павел Езовских,16.0,13.0,25.0,9.0,15.0,12.0,11,7,15,6,11,6,0.0,0.0,2,0,2,3,1,2,4,6,6,2,3,2,13.0,9.0,8.0,10.0,13.0,8.0,6,2,1,0,2,6,0,1,2,1,1,2,http://www.khl.ru/game/309/46363/protocol/
465,24.11.2015,Лада,Спартак,0:2 1:0 0:0,"Главные судьи: Антти Боман, Сергей Кулаков","Линейные судьи: Эдуард Метальников, Станислав Раминг",Тренер: Артис Аболс,Тренер: Герман Титов,9.0,18.0,24.0,11.0,19.0,11.0,5,14,7,6,12,6,0.0,0.0,0,2,1,4,1,3,4,0,7,7,1,0,7.0,6.0,7.0,9.0,7.0,7.0,4,4,1,0,4,4,0,1,1,0,0,1,http://www.khl.ru/game/309/46364/protocol/
458,21.11.2015,ХК Сочи,Автомобилист,2:1 1:0 2:4 0:1,"Главные судьи: Павел Комаров, Александр Соин","Линейные судьи: Александр Захаренков, Александр Садовников",Тренер: Вячеслав Буцаев,Тренер: Андрей Разин,13.0,15.0,26.0,14.0,24.0,27.0,6,9,11,11,14,17,0,1,3,3,2,8,6,4,8,2,7,5,4,2,8.0,10.0,12.0,8.0,15.0,14.0,5,7,3,2,7,5,2,3,3,1,1,3,http://www.khl.ru/game/309/46355/protocol/
462,22.11.2015,Динамо Мск,Торпедо,1:2 1:0 0:0 0:1,"Главные судьи: Кит Кавал, Эдуард Одиньш","Линейные судьи: Дмитрий Головлёв, Иван Сазонов",Тренер: Харийс Витолиньш,Тренер: Петерис Скудра,12.0,20.0,21.0,16.0,23.0,7.0,6,9,12,6,12,4,2,2,4,6,7,6,2,4,11,4,10,3,3,4,9.0,9.0,6.0,13.0,12.0,6.0,3,2,2,0,2,3,0,2,0,2,2,0,http://www.khl.ru/game/309/46361/protocol/
457,21.11.2015,Спартак,Авангард,1:1 1:0 1:0,"Главные судьи: Алексей Анисимов, Стефан Фонселиус","Линейные судьи: Александр Отмахов, Яков Палей",Тренер: Герман Титов,Тренер: Евгений Корноухов,16.0,16.0,29.0,17.0,13.0,10.0,11,9,22,9,6,8,0.0,0.0,3,1,5,6,3,3,10,3,2,4,2,0,8.0,10.0,6.0,22.0,12.0,4.0,3,4,0,0,4,3,0,0,1,1,1,1,http://www.khl.ru/game/309/46358/protocol/
452,21.11.2015,Металлург Мг,Лада,0:0 1:1 1:1 0:0 1:0,"Главные судьи: Вячеслав Буланов, Александр Сергеев","Линейные судьи: Дмитрий Парфёнов, Виктор Томилов",Тренер: Илья Воробьёв,Тренер: Артис Аболс,13.0,14.0,20.0,11.0,20.0,8.0,8,8,11,9,10,6,1,2,2,1,0,4,0,3,3,2,5,4,4,0,6.0,5.0,14.0,9.0,9.0,9.0,2,3,0,0,3,2,0,0,2,2,2,2,http://www.khl.ru/game/309/46351/protocol/
451,20.11.2015,Динамо Мск,Динамо Мн,1:0 3:0 0:0,"Главные судьи: Антонин Йерабек, Сергей Гусев","Линейные судьи: Эдуард Метальников, Александр Сироткин",Тренер: Харийс Витолиньш,Тренер: Андрей Ковалёв,13.0,11.0,23.0,11.0,21.0,17.0,6,6,14,6,9,8,0.0,0.0,4,3,4,4,5,7,9,5,8,5,5,4,9.0,11.0,7.0,14.0,15.0,8.0,7,4,1,0,4,7,0,1,3,0,0,3,http://www.khl.ru/game/309/46350/protocol/
453,21.11.2015,Салават Юлаев,Ак Барс,2:0 1:2 1:0,"Главные судьи: Антти Боман, Константин Оленин","Линейные судьи: Сергей Мисюрь, Дмитрий Сивов",Тренер: Игорь Захаркин,Тренер: Зинэтула Билялетдинов,28.0,7.0,8.0,21.0,11.0,23.0,15,5,6,13,8,8,0.0,0.0,2,4,6,1,10,0,9,15,11,10,8,8,9.0,7.0,10.0,10.0,9.0,16.0,4,5,2,1,5,4,1,2,1,1,1,1,http://www.khl.ru/game/309/46352/protocol/
455,21.11.2015,Йокерит,Барыс,0:0 0:0 2:0,"Главные судьи: Даниэль Конц, Максим Сидоренко","Линейные судьи: Дмитрий Голяк, Роман Шиханов",Тренер: Эркка Вестерлунд,Тренер: Андрей Назаров,26.0,14.0,23.0,18.0,19.0,14.0,15,5,16,13,11,6,0.0,0.0,3,3,3,3,3,2,7,7,5,8,2,9,11.0,4.0,12.0,4.0,11.0,11.0,3,3,0,0,3,3,0,0,2,0,0,2,http://www.khl.ru/game/309/46354/protocol/
456,21.11.2015,Локомотив,Югра,1:1 0:0 2:0,"Главные судьи: Андрей Рогачёв, Евгений Гамалей","Линейные судьи: Алексей Майтак, Евгений Пронских",Тренер: Алексей Кудашов,Тренер: Павел Езовских,22.0,11.0,22.0,18.0,18.0,12.0,12,7,12,10,12,5,0.0,0.0,3,4,3,5,3,2,11,6,7,7,4,5,14.0,7.0,9.0,7.0,12.0,5.0,3,5,1,0,5,3,0,1,2,1,1,2,http://www.khl.ru/game/309/46356/protocol/
450,20.11.2015,Витязь,Торпедо,1:2 2:1 0:0 0:0 0:1,"Главные судьи: Владимир Букин, Виктор Гашилов","Линейные судьи: Глеб Лазарев, Яков Палей",Тренер: Олег Ореховский,Тренер: Петерис Скудра,19.0,15.0,21.0,12.0,7.0,26.0,13,7,12,7,4,15,1,3,5,3,3,5,8,0,13,6,6,13,10,7,9.0,9.0,10.0,12.0,7.0,13.0,3,2,2,0,2,3,0,2,3,1,1,3,http://www.khl.ru/game/309/46349/protocol/
454,21.11.2015,Северсталь,Слован,0:1 0:1 1:0,"Главные судьи: Эдуард Одиньш, Роман Щенёв","Линейные судьи: Торнике Кучава, Никита Новиков",Тренер: Дмитрий Юшкевич,Тренер: Милош Ржига,12.0,17.0,14.0,13.0,24.0,13.0,6,11,7,7,16,9,0.0,0.0,3,4,4,2,4,3,3,1,5,3,2,1,6.0,14.0,13.0,9.0,13.0,15.0,2,2,1,0,2,2,0,1,1,1,1,1,http://www.khl.ru/game/309/46353/protocol/
444,19.11.2015,СКА,Барыс,2:1 2:0 1:0,"Главные судьи: Вячеслав Буланов, Денис Наумов","Линейные судьи: Степан Коршак, Александр Чернышёв",Тренер: Сергей Зубов,Тренер: Андрей Назаров,30.0,17.0,27.0,20.0,15.0,18.0,16,12,19,13,13,7,0.0,0.0,2,6,2,5,2,0,3,5,1,1,1,0,14.0,14.0,20.0,10.0,12.0,15.0,6,5,2,0,5,6,0,2,3,0,0,3,http://www.khl.ru/game/309/46343/protocol/
448,20.11.2015,Адмирал,Металлург Нк,1:0 0:0 1:0,"Главные судьи: Михаил Бутурлин, Сергей Кулаков","Линейные судьи: Пётр Алёшин, Юрий Иванов",Тренер: Александр Андриевский,Тренер: Николай Соловьёв,24.0,17.0,18.0,10.0,26.0,10.0,15,7,10,5,14,4,0.0,0.0,3,3,3,2,3,5,5,1,4,2,4,4,12.0,7.0,5.0,11.0,8.0,8.0,7,5,1,0,5,7,0,1,1,0,0,1,http://www.khl.ru/game/309/46347/protocol/
447,20.11.2015,Амур,Сибирь,0:1 1:0 0:0 0:0 0:1,"Главные судьи: Сергей Беляев, Алексей Васильев","Линейные судьи: Евгений Стрельцов, Алексей Михель",Тренер: Сергей Шепелев,Тренер: Андрей Скабелка,16.0,8.0,23.0,6.0,18.0,18.0,10,6,13,4,8,12,1,2,3,3,1,8,2,7,5,4,5,3,4,1,8.0,2.0,15.0,4.0,9.0,8.0,2,1,1,0,1,2,0,1,1,0,0,1,http://www.khl.ru/game/309/46346/protocol/
441,19.11.2015,Северсталь,Медвешчак,1:0 1:0 2:0,"Главные судьи: Антти Боман, Константин Оленин","Линейные судьи: Сергей Шелянин, Дмитрий Шишло",Тренер: Дмитрий Юшкевич,Тренер: Горди Дуайер,26.0,11.0,18.0,22.0,21.0,10.0,18,6,8,12,15,4,0.0,0.0,3,5,5,3,5,2,2,4,1,0,3,3,9.0,12.0,7.0,13.0,13.0,10.0,4,4,0,0,4,4,0,0,4,0,0,4,http://www.khl.ru/game/309/46340/protocol/
440,19.11.2015,Салават Юлаев,Лада,1:1 2:0 2:0,"Главные судьи: Антон Лаврентьев, Ильдар Сафиуллов","Линейные судьи: Евгений Литвинов, Антон Понамаренко",Тренер: Игорь Захаркин,Тренер: Артис Аболс,20.0,11.0,21.0,10.0,21.0,14.0,10,4,15,4,10,6,0.0,0.0,3,4,3,4,2,3,2,5,2,6,5,5,11.0,9.0,15.0,5.0,12.0,6.0,6,4,3,1,4,6,1,3,2,0,0,2,http://www.khl.ru/game/309/46339/protocol/
445,19.11.2015,ХК Сочи,Югра,0:0 1:1 4:0,"Главные судьи: Роман Гофман, Эдуард Одиньш","Линейные судьи: Александр Захаренков, Александр Садовников",Тренер: Вячеслав Буцаев,Тренер: Павел Езовских,16.0,15.0,29.0,11.0,19.0,16.0,6,9,19,8,12,10,0.0,0.0,3,4,1,4,2,2,6,2,5,3,4,4,5.0,8.0,14.0,8.0,10.0,8.0,6,5,2,1,5,6,1,2,3,0,0,3,http://www.khl.ru/game/309/46345/protocol/
436,17.11.2015,Спартак,Барыс,0:2 1:1 1:2,"Главные судьи: Алексей Белов, Антонин Йерабек","Линейные судьи: Алексей Михель, Евгений Стрельцов",Тренер: Герман Титов,Тренер: Андрей Назаров,17.0,12.0,31.0,8.0,22.0,11.0,12,5,14,7,10,4,0.0,0.0,1,3,1,7,2,4,8,4,4,7,3,3,10.0,13.0,10.0,9.0,12.0,10.0,4,5,1,0,5,4,0,1,4,2,2,4,http://www.khl.ru/game/309/46334/protocol/
439,19.11.2015,Металлург Мг,Ак Барс,0:0 1:0 0:1 0:0 0:1,"Главные судьи: Антонин Йерабек, Кит Кавал","Линейные судьи: Эдуард Метальников, Александр Сироткин",Тренер: Илья Воробьёв,Тренер: Зинэтула Билялетдинов,19.0,13.0,24.0,7.0,17.0,19.0,11,8,13,3,5,10,4,2,3,2,2,7,6,5,4,4,8,7,9,12,6.0,10.0,9.0,8.0,5.0,6.0,5,3,1,0,3,5,0,1,0,0,0,0,http://www.khl.ru/game/309/46338/protocol/
438,19.11.2015,Адмирал,Металлург Нк,1:0 0:0 1:1,"Главные судьи: Михаил Бутурлин, Сергей Кулаков","Линейные судьи: Пётр Алёшин, Юрий Иванов",Тренер: Александр Андриевский,Тренер: Николай Соловьёв,13.0,10.0,20.0,10.0,15.0,19.0,6,3,10,6,8,10,0.0,0.0,4,1,2,5,7,1,4,2,3,2,3,3,7.0,10.0,14.0,10.0,10.0,8.0,3,2,0,0,2,3,0,0,2,1,1,2,http://www.khl.ru/game/309/46337/protocol/
437,19.11.2015,Амур,Сибирь,0:0 0:2 0:1,"Главные судьи: Сергей Беляев, Алексей Васильев","Линейные судьи: Алексей Михель, Евгений Стрельцов",Тренер: Сергей Шепелев,Тренер: Андрей Скабелка,15.0,20.0,15.0,18.0,21.0,8.0,8,14,10,13,12,6,0.0,0.0,5,3,3,2,0,3,6,5,8,9,3,1,11.0,10.0,13.0,10.0,11.0,7.0,3,5,0,0,5,3,0,0,1,0,0,1,http://www.khl.ru/game/309/46336/protocol/
446,19.11.2015,ЦСКА,Слован,0:0 0:1 0:1,"Главные судьи: Юрий Оскирко, Стефан Фонселиус","Линейные судьи: Глеб Лазарев, Александр Отмахов",Тренер: Дмитрий Квартальнов,Тренер: Милош Ржига,26.0,9.0,22.0,17.0,33.0,15.0,17,5,13,5,15,11,0.0,0.0,3,5,6,0,3,9,7,10,7,6,6,6,13.0,7.0,15.0,11.0,17.0,5.0,2,5,0,0,5,2,0,0,2,0,0,2,http://www.khl.ru/game/309/46342/protocol/
442,19.11.2015,Йокерит,Авангард,1:0 0:2 1:0 0:1,"Главные судьи: Алексей Раводин, Даниэль Конц","Линейные судьи: Дмитрий Голяк, Роман Шиханов",Тренер: Эркка Вестерлунд,Тренер: Евгений Корноухов,10.0,8.0,18.0,18.0,21.0,8.0,6,4,13,13,16,2,0,1,0,3,2,0,3,0,6,3,2,4,8,7,7.0,8.0,12.0,7.0,9.0,12.0,3,5,1,1,5,3,1,1,1,1,1,1,http://www.khl.ru/game/309/46344/protocol/
434,17.11.2015,Нефтехимик,Ак Барс,1:0 0:1 1:1 0:0 1:0,"Главные судьи: Анатолий Захаров, Алексей Раводин","Линейные судьи: Никита Шалагин, Дмитрий Шишло",Тренер: Владимир Крикунов,Тренер: Зинэтула Билялетдинов,21.0,12.0,34.0,13.0,30.0,10.0,13,7,14,5,19,4,3,2,2,1,2,11,0,2,6,7,6,3,8,6,10.0,9.0,10.0,12.0,9.0,5.0,4,6,2,1,6,4,1,2,1,0,0,1,http://www.khl.ru/game/309/46333/protocol/
435,17.11.2015,СКА,Авангард,0:0 1:3 0:0,"Главные судьи: Денис Бондарь, Роман Гофман","Линейные судьи: Алексей Медведев, Иван Сазонов",Тренер: Сергей Зубов,Тренер: Евгений Корноухов,21.0,9.0,18.0,22.0,27.0,18.0,13,4,10,16,12,8,0.0,0.0,4,3,5,2,5,9,4,2,2,1,0,1,5.0,14.0,13.0,13.0,16.0,11.0,2,2,0,0,2,2,0,0,3,1,1,3,http://www.khl.ru/game/309/46335/protocol/
432,17.11.2015,Салават Юлаев,Локомотив,0:0 0:3 2:1,"Главные судьи: Кит Кавал, Эдуард Одиньш","Линейные судьи: Яков Палей, Станислав Раминг",Тренер: Игорь Захаркин,Тренер: Алексей Кудашов,23.0,13.0,25.0,19.0,20.0,9.0,10,8,9,10,7,4,0.0,0.0,2,9,3,8,4,7,8,6,4,4,3,7,10.0,9.0,14.0,8.0,10.0,9.0,4,3,2,1,3,4,1,2,2,0,0,2,http://www.khl.ru/game/309/46332/protocol/
433,17.11.2015,Трактор,Лада,0:1 2:0 0:1 0:0 1:0,"Главные судьи: Владислав Киселёв, Андрей Рогачёв","Линейные судьи: Константин Горденко, Александр Сысуев",Тренер: Андрей Николишин,Тренер: Артис Аболс,18.0,16.0,29.0,21.0,25.0,12.0,8,9,15,13,13,5,5,3,4,4,4,5,5,5,10,10,7,8,4,5,6.0,5.0,8.0,8.0,16.0,3.0,4,1,2,0,1,4,0,2,2,0,0,2,http://www.khl.ru/game/309/46330/protocol/
449,20.11.2015,Трактор,Нефтехимик,1:0 0:1 0:0 0:0 1:0,"Главные судьи: Алексей Белов, Юрий Цыплаков","Линейные судьи: Андрей Матюша, Сергей Мисюрь",Тренер: Андрей Николишин,Тренер: Владимир Крикунов,15.0,31.0,19.0,20.0,20.0,14.0,5,13,8,11,10,10,2,3,12,5,5,9,4,4,6,7,4,6,7,8,3.0,9.0,11.0,9.0,8.0,7.0,3,3,1,0,3,3,0,1,1,0,0,1,http://www.khl.ru/game/309/46348/protocol/
425,16.11.2015,Динамо Мн,Витязь,2:0 1:1 0:1,"Главные судьи: Сергей Беляев, Виктор Гашилов","Линейные судьи: Александр Захаренков, Александр Садовников",Тренер: Андрей Ковалёв,Тренер: Олег Ореховский,15.0,20.0,14.0,16.0,22.0,21.0,4,10,9,12,12,9,0.0,0.0,6,4,2,3,4,7,3,4,6,6,4,4,13.0,11.0,11.0,9.0,11.0,8.0,4,4,1,0,4,4,0,1,2,2,2,2,http://www.khl.ru/game/309/46324/protocol/
426,16.11.2015,Слован,Северсталь,2:2 2:1 1:1,"Главные судьи: Алексей Анисимов, Александр Сергеев","Линейные судьи: Дмитрий Сивов, Сергей Шелянин",Тренер: Милош Ржига,Тренер: Дмитрий Юшкевич,21.0,18.0,14.0,19.0,7.0,21.0,14,10,12,9,5,12,0.0,0.0,10,8,3,3,4,1,3,3,4,4,4,1,14.0,10.0,7.0,8.0,8.0,4.0,4,6,2,1,6,4,1,2,3,2,2,3,http://www.khl.ru/game/309/46325/protocol/
430,17.11.2015,Адмирал,Сибирь,1:0 1:1 2:1,"Главные судьи: Рафаэль Кадыров, Александр Соин","Линейные судьи: Торнике Кучава, Никита Новиков",Тренер: Александр Андриевский,Тренер: Андрей Скабелка,11.0,8.0,19.0,10.0,18.0,11.0,8,4,14,4,11,8,0.0,0.0,1,2,1,1,1,2,5,2,1,3,5,2,5.0,12.0,15.0,9.0,13.0,10.0,6,5,1,0,5,6,0,1,2,2,2,2,http://www.khl.ru/game/309/46329/protocol/
427,16.11.2015,Торпедо,Динамо Мск,0:1 2:0 0:1 0:0 0:1,"Главные судьи: Антти Боман, Роман Гофман","Линейные судьи: Дмитрий Голяк, Глеб Лазарев",Тренер: Петерис Скудра,Тренер: Харийс Витолиньш,12.0,13.0,14.0,11.0,12.0,12.0,8,11,9,5,7,4,1,0,0,1,1,2,5,2,9,9,5,8,3,9,7.0,8.0,14.0,11.0,4.0,12.0,3,2,0,0,2,3,0,0,2,2,2,2,http://www.khl.ru/game/309/46326/protocol/
428,16.11.2015,Медвешчак,ЦСКА,0:0 0:0 0:0 1:0,"Главные судьи: Вячеслав Буланов, Даниэль Конц","Линейные судьи: Эдуард Метальников, Александр Сироткин",Тренер: Горди Дуайер,Тренер: Дмитрий Квартальнов,9.0,27.0,12.0,24.0,11.0,24.0,4,13,6,11,5,15,1,0,4,3,5,6,2,4,8,8,9,3,3,2,14.0,8.0,12.0,12.0,18.0,15.0,3,4,0,0,4,3,0,0,0,0,0,0,http://www.khl.ru/game/309/46327/protocol/
429,17.11.2015,Амур,Металлург Нк,0:1 1:1 2:2,"Главные судьи: Евгений Гамалей, Сергей Гусев","Линейные судьи: Никита Вилюгин, Андрей Матюша",Тренер: Сергей Шепелев,Тренер: Николай Соловьёв,13.0,17.0,16.0,17.0,13.0,15.0,8,10,11,11,9,13,0.0,0.0,6,2,2,3,0,2,3,3,6,2,3,4,14.0,9.0,15.0,12.0,10.0,9.0,8,2,1,0,2,8,0,1,3,3,3,3,http://www.khl.ru/game/309/46328/protocol/
431,17.11.2015,Металлург Мг,ХК Сочи,1:1 1:1 1:0,"Главные судьи: Яков Деев, Роман Щенёв","Линейные судьи: Максим Берсенёв, Евгений Юдин",Тренер: Илья Воробьёв,Тренер: Вячеслав Буцаев,19.0,11.0,17.0,23.0,17.0,18.0,12,6,9,15,11,10,0.0,0.0,3,3,3,3,4,4,5,9,2,3,1,6,7.0,10.0,9.0,7.0,8.0,8.0,2,2,1,0,2,2,0,1,2,2,2,2,http://www.khl.ru/game/309/46331/protocol/
443,19.11.2015,Локомотив,Автомобилист,3:3 2:1 2:0,"Главные судьи: Алексей Анисимов, Виктор Гашилов","Линейные судьи: Дмитрий Головлёв, Иван Назаров",Тренер: Алексей Кудашов,Тренер: Андрей Разин,27.0,14.0,21.0,21.0,12.0,24.0,12,6,12,12,8,11,0.0,0.0,3,8,7,4,8,2,10,6,8,4,5,6,7.0,12.0,18.0,11.0,12.0,12.0,3,5,1,1,5,3,1,1,5,3,3,5,http://www.khl.ru/game/309/46341/protocol/
417,14.11.2015,Медвешчак,Северсталь,1:1 3:0 0:1,"Главные судьи: Вячеслав Буланов, Даниэль Конц","Линейные судьи: Эдуард Метальников, Александр Сироткин",Тренер: Горди Дуайер,Тренер: Дмитрий Юшкевич,17.0,13.0,20.0,15.0,5.0,30.0,8,7,13,6,3,18,0.0,0.0,4,0,3,3,7,0,6,2,4,5,1,1,12.0,7.0,10.0,9.0,15.0,10.0,3,2,2,0,2,3,0,2,2,2,2,2,http://www.khl.ru/game/309/46316/protocol/
421,15.11.2015,Нефтехимик,Лада,1:2 0:1 1:2,"Главные судьи: Алексей Васильев, Максим Сидоренко","Линейные судьи: Алексей Майтак, Евгений Пронских",Тренер: Владимир Крикунов,Тренер: Артис Аболс,21.0,13.0,28.0,17.0,26.0,12.0,17,7,14,7,12,8,0.0,0.0,2,1,4,7,2,13,9,3,6,3,8,3,10.0,13.0,11.0,7.0,15.0,7.0,2,4,0,0,4,2,0,0,5,2,2,5,http://www.khl.ru/game/309/46320/protocol/
420,15.11.2015,Трактор,Ак Барс,0:0 1:1 0:1,"Главные судьи: Кит Кавал, Эдуард Одиньш","Линейные судьи: Дмитрий Парфёнов, Виктор Томилов",Тренер: Андрей Николишин,Тренер: Зинэтула Билялетдинов,16.0,17.0,21.0,21.0,21.0,17.0,9,11,10,17,7,8,0.0,0.0,4,4,2,4,3,4,9,7,10,4,8,8,3.0,7.0,10.0,8.0,4.0,14.0,3,1,1,0,1,3,0,1,2,0,0,2,http://www.khl.ru/game/309/46318/protocol/
422,15.11.2015,Спартак,ХК Сочи,0:1 1:1 1:1,"Главные судьи: Сергей Кулаков, Антти Боман","Линейные судьи: Алексей Медведев, Иван Сазонов",Тренер: Герман Титов,Тренер: Вячеслав Буцаев,20.0,13.0,21.0,16.0,16.0,10.0,10,7,11,5,8,4,0.0,0.0,4,1,6,1,2,2,5,4,5,5,1,7,10.0,10.0,12.0,9.0,6.0,8.0,3,5,1,0,5,3,0,1,2,2,2,2,http://www.khl.ru/game/309/46321/protocol/
418,15.11.2015,Металлург Нк,Сибирь,0:1 1:0 2:0,"Главные судьи: Алексей Белов, Денис Наумов","Линейные судьи: Сергей Мисюрь, Александр Отмахов",Тренер: Николай Соловьёв,Тренер: Андрей Скабелка,16.0,20.0,35.0,5.0,16.0,23.0,9,12,9,4,5,12,0.0,0.0,3,1,0,11,13,3,8,9,5,1,1,7,14.0,10.0,14.0,13.0,10.0,9.0,6,4,2,0,4,6,0,2,1,1,1,1,http://www.khl.ru/game/309/46317/protocol/
419,15.11.2015,Металлург Мг,Локомотив,1:1 3:0 0:0,"Главные судьи: Сергей Гусев, Анатолий Захаров","Линейные судьи: Константин Горденко, Александр Сысуев",Тренер: Илья Воробьёв,Тренер: Алексей Кудашов,14.0,11.0,23.0,18.0,9.0,15.0,10,7,16,11,2,12,0.0,0.0,2,2,5,6,2,3,11,4,5,5,5,3,6.0,10.0,11.0,7.0,7.0,8.0,4,4,2,0,4,4,0,2,2,1,1,2,http://www.khl.ru/game/309/46319/protocol/
424,16.11.2015,Югра,Йокерит,1:0 0:2 1:2,"Главные судьи: Антонин Йерабек, Константин Оленин","Линейные судьи: Алексей Михель, Евгений Стрельцов",Тренер: Павел Езовских,Тренер: Эркка Вестерлунд,13.0,19.0,10.0,20.0,16.0,22.0,6,8,5,16,10,10,0.0,0.0,4,3,2,0,5,4,1,2,5,3,1,1,11.0,7.0,7.0,14.0,7.0,15.0,2,4,0,0,4,2,0,0,4,2,2,4,http://www.khl.ru/game/309/46323/protocol/
423,16.11.2015,Автомобилист,Динамо Р,1:0 0:1 1:1 0:0 0:1,"Главные судьи: Павел Комаров, Юрий Цыплаков","Линейные судьи: Пётр Алёшин, Юрий Иванов",Тренер: Андрей Разин,Тренер: Кари Хейккиля,18.0,10.0,10.0,20.0,11.0,12.0,8,6,3,13,7,6,4,2,2,3,5,3,3,2,3,4,4,2,2,6,7.0,9.0,5.0,7.0,15.0,11.0,4,4,1,0,4,4,0,1,1,2,2,1,http://www.khl.ru/game/309/46322/protocol/
412,14.11.2015,Барыс,Адмирал,1:1 0:1 3:1,"Главные судьи: Владимир Букин, Виктор Гашилов","Линейные судьи: Алексей Медведев, Глеб Лазарев",Тренер: Андрей Назаров,Тренер: Александр Андриевский,18.0,22.0,16.0,19.0,17.0,16.0,12,14,9,14,10,11,0.0,0.0,2,3,2,1,2,1,6,3,4,2,1,2,10.0,8.0,12.0,4.0,10.0,11.0,2,3,1,0,3,2,0,1,4,2,2,4,http://www.khl.ru/game/309/46311/protocol/
416,14.11.2015,Торпедо,Витязь,0:1 3:0 0:0,"Главные судьи: Антонин Йерабек, Алексей Раводин","Линейные судьи: Александр Чернышёв, Степан Коршак",Тренер: Петерис Скудра,Тренер: Олег Ореховский,16.0,12.0,19.0,23.0,8.0,17.0,8,10,13,15,2,8,0.0,0.0,2,3,1,2,3,4,6,2,3,8,4,1,9.0,9.0,14.0,17.0,7.0,11.0,3,2,0,0,2,3,0,0,3,0,0,3,http://www.khl.ru/game/309/46314/protocol/
410,14.11.2015,Авангард,Амур,2:0 1:0 0:0,"Главные судьи: Эдуард Ибатулин, Павел Комаров","Линейные судьи: Евгений Литвинов, Антон Понамаренко",Тренер: Евгений Корноухов,Тренер: Сергей Шепелев,15.0,6.0,10.0,11.0,5.0,7.0,8,3,7,5,3,7,0.0,0.0,2,3,3,2,0,1,1,5,2,1,1,1,11.0,9.0,4.0,11.0,5.0,8.0,4,3,1,0,3,4,0,1,2,0,0,2,http://www.khl.ru/game/309/46309/protocol/
414,14.11.2015,Динамо Мн,Динамо Мск,0:1 0:0 1:1,"Главные судьи: Денис Бондарь, Владислав Киселёв","Линейные судьи: Яков Палей, Станислав Раминг",Тренер: Андрей Ковалёв,Тренер: Харийс Витолиньш,15.0,18.0,15.0,13.0,22.0,19.0,8,12,8,5,12,12,0.0,0.0,2,3,3,0,3,1,5,4,4,3,1,2,7.0,12.0,9.0,9.0,9.0,7.0,1,2,0,0,2,1,0,0,2,1,1,2,http://www.khl.ru/game/309/46315/protocol/
411,14.11.2015,Автомобилист,Йокерит,0:0 2:1 1:2 0:0 0:1,"Главные судьи: Кит Кавал, Эдуард Одиньш","Линейные судьи: Дмитрий Парфёнов, Виктор Томилов",Тренер: Андрей Разин,Тренер: Ханну Вирта,11.0,17.0,12.0,19.0,5.0,26.0,5,6,7,9,3,10,2,2,4,4,6,3,6,1,7,5,4,2,2,4,6.0,16.0,12.0,13.0,8.0,8.0,5,6,2,1,6,5,1,2,1,2,2,1,http://www.khl.ru/game/309/46310/protocol/
413,14.11.2015,Югра,Динамо Р,1:0 1:1 0:0,"Главные судьи: Сергей Беляев, Константин Оленин","Линейные судьи: Пётр Алёшин, Юрий Иванов",Тренер: Павел Езовских,Тренер: Кари Хейккиля,22.0,15.0,11.0,14.0,15.0,20.0,13,11,7,9,10,11,0.0,0.0,2,4,2,2,2,2,2,3,2,0,1,0,11.0,9.0,4.0,13.0,7.0,12.0,5,6,1,1,6,5,1,1,1,0,0,1,http://www.khl.ru/game/309/46312/protocol/
409,12.11.2015,ХК Сочи,Северсталь,1:0 2:0 1:1,"Главные судьи: Анатолий Захаров, Владислав Киселёв","Линейные судьи: Дмитрий Голяк, Иван Назаров",Тренер: Вячеслав Буцаев,Тренер: Дмитрий Юшкевич,12.0,23.0,21.0,21.0,10.0,17.0,6,11,12,10,2,9,0.0,0.0,10,4,7,1,4,3,7,4,7,4,3,0,9.0,12.0,9.0,6.0,8.0,5.0,4,6,2,0,6,4,0,2,2,1,1,2,http://www.khl.ru/game/309/46306/protocol/
415,14.11.2015,Слован,ЦСКА,0:0 1:0 1:2 0:0 1:0,"Главные судьи: Алексей Анисимов, Александр Сергеев","Линейные судьи: Дмитрий Сивов, Сергей Шелянин",Тренер: Милош Ржига,Тренер: Дмитрий Квартальнов,14.0,18.0,13.0,20.0,21.0,12.0,9,9,10,12,8,9,3,3,5,3,8,2,2,9,4,2,3,5,5,4,7.0,6.0,12.0,14.0,15.0,10.0,6,7,1,1,7,6,1,1,1,0,0,1,http://www.khl.ru/game/309/46313/protocol/
408,12.11.2015,Торпедо,Медвешчак,4:1 0:1 1:0,"Главные судьи: Ильдар Сафиуллов, Юрий Оскирко","Линейные судьи: Роман Шиханов, Дмитрий Сивов",Тренер: Петерис Скудра,Тренер: Горди Дуайер,17.0,22.0,12.0,25.0,10.0,15.0,13,14,7,16,6,9,0.0,0.0,4,4,5,1,3,2,10,12,11,7,5,8,9.0,12.0,13.0,6.0,15.0,4.0,2,1,0,0,1,2,0,0,5,1,1,5,http://www.khl.ru/game/309/46307/protocol/
407,12.11.2015,Спартак,Динамо Мск,0:1 0:1 0:1,"Главные судьи: Алексей Анисимов, Вячеслав Буланов","Линейные судьи: Александр Захаренков, Александр Садовников",Тренер: Герман Титов,Тренер: Харийс Витолиньш,19.0,16.0,8.0,12.0,15.0,16.0,9,9,2,6,8,9,0.0,0.0,1,4,1,4,1,3,8,6,9,4,2,3,6.0,7.0,9.0,5.0,10.0,11.0,5,3,0,0,3,5,0,0,3,0,0,3,http://www.khl.ru/game/309/46304/protocol/
403,12.11.2015,Ак Барс,Металлург Мг,1:1 1:0 0:1 0:0 0:1,"Главные судьи: Кит Кавал, Константин Оленин","Линейные судьи: Константин Горденко, Глеб Лазарев",Тренер: Зинэтула Билялетдинов,Тренер: Илья Воробьёв,17.0,18.0,17.0,15.0,21.0,18.0,13,10,10,8,13,6,2,2,5,2,3,2,5,5,4,6,7,5,3,1,6.0,10.0,6.0,13.0,7.0,11.0,3,4,1,0,4,3,0,1,1,2,2,1,http://www.khl.ru/game/309/46308/protocol/
401,12.11.2015,Югра,Трактор,0:0 3:0 0:1,"Главные судьи: Денис Наумов, Александр Сергеев","Линейные судьи: Пётр Алёшин, Юрий Иванов",Тренер: Павел Езовских,Тренер: Андрей Николишин,14.0,16.0,12.0,28.0,9.0,27.0,8,7,6,18,4,9,0.0,0.0,5,4,2,1,10,2,3,4,2,2,2,4,11.0,11.0,8.0,12.0,4.0,15.0,3,5,1,0,5,3,0,1,2,1,1,2,http://www.khl.ru/game/309/46300/protocol/
402,12.11.2015,Лада,Салават Юлаев,2:0 0:0 1:0,"Главные судьи: Евгений Гамалей, Антонин Йерабек","Линейные судьи: Дмитрий Головлёв, Александр Нестеров",Тренер: Артис Аболс,Тренер: Игорь Захаркин,11.0,19.0,10.0,28.0,16.0,22.0,6,10,6,19,10,13,0.0,0.0,5,1,4,3,2,4,0,3,0,0,2,1,14.0,9.0,10.0,14.0,9.0,12.0,3,3,0,0,3,3,0,0,3,0,0,3,http://www.khl.ru/game/309/46301/protocol/
404,12.11.2015,Динамо Мн,Слован,1:0 1:0 0:1,"Главные судьи: Яков Деев, Павел Комаров","Линейные судьи: Дмитрий Парфёнов, Виктор Томилов",Тренер: Андрей Ковалёв,Тренер: Милош Ржига,11.0,21.0,16.0,18.0,6.0,33.0,5,14,9,8,3,17,0.0,0.0,3,1,7,1,5,1,3,2,1,3,3,7,13.0,7.0,10.0,9.0,10.0,9.0,4,6,1,1,6,4,1,1,1,0,0,1,http://www.khl.ru/game/309/46303/protocol/
406,12.11.2015,СКА,Витязь,2:0 0:2 3:1,"Главные судьи: Алексей Белов, Александр Соин","Линейные судьи: Алексей Майтак, Евгений Пронских",Тренер: Сергей Зубов,Тренер: Олег Ореховский,16.0,20.0,30.0,21.0,27.0,9.0,6,17,19,12,14,6,0.0,0.0,1,5,4,4,1,7,6,3,3,2,3,2,10.0,12.0,14.0,9.0,10.0,8.0,4,4,2,1,4,4,1,2,3,2,2,3,http://www.khl.ru/game/309/46305/protocol/
405,12.11.2015,Локомотив,ЦСКА,0:1 0:1 0:0,"Главные судьи: Антти Боман, Алексей Раводин","Линейные судьи: Эдуард Метальников, Александр Сироткин",Тренер: Алексей Кудашов,Тренер: Дмитрий Квартальнов,17.0,17.0,13.0,22.0,17.0,16.0,10,8,5,11,12,7,0.0,0.0,3,5,6,4,3,5,8,2,10,4,4,4,9.0,9.0,7.0,9.0,6.0,9.0,4,4,1,0,4,4,0,1,1,0,0,1,http://www.khl.ru/game/309/46302/protocol/
394,10.11.2015,Торпедо,Слован,3:0 2:1 0:2,"Главные судьи: Анатолий Захаров, Юрий Цыплаков","Линейные судьи: Александр Нестеров, Дмитрий Головлёв",Тренер: Петерис Скудра,Тренер: Милош Ржига,21.0,15.0,14.0,20.0,14.0,27.0,12,6,9,7,4,15,0.0,0.0,2,4,3,2,4,4,3,5,3,4,3,1,14.0,7.0,11.0,10.0,14.0,8.0,4,5,3,1,5,4,1,3,2,2,2,2,http://www.khl.ru/game/309/46293/protocol/
399,12.11.2015,Барыс,Йокерит,2:0 0:0 0:0,"Главные судьи: Денис Бондарь, Виктор Гашилов","Линейные судьи: Яков Палей, Станислав Раминг",Тренер: Андрей Назаров,Тренер: Эркка Вестерлунд,10.0,19.0,13.0,21.0,10.0,15.0,6,13,11,11,5,9,0.0,0.0,4,0,4,1,3,2,8,3,6,6,4,5,10.0,11.0,6.0,13.0,7.0,9.0,3,2,1,0,2,3,0,1,1,0,0,1,http://www.khl.ru/game/309/46297/protocol/
393,10.11.2015,Спартак,Витязь,0:0 2:0 0:1,"Главные судьи: Алексей Васильев, Роман Щенёв","Линейные судьи: Торнике Кучава, Никита Новиков",Тренер: Герман Титов,Тренер: Олег Ореховский,14.0,14.0,20.0,12.0,15.0,17.0,6,5,12,9,3,12,0.0,0.0,4,3,1,0,2,5,11,10,14,4,3,2,4.0,8.0,15.0,7.0,13.0,9.0,5,5,0,0,5,5,0,0,2,1,1,2,http://www.khl.ru/game/309/46290/protocol/
400,12.11.2015,Сибирь,Амур,0:3 0:0 0:4,"Главные судьи: Роман Щенёв, Сергей Кулаков","Линейные судьи: Степан Коршак, Александр Чернышёв",Тренер: Андрей Скабелка,Тренер: Сергей Шепелев,14.0,30.0,17.0,15.0,17.0,17.0,7,13,9,8,11,13,0.0,0.0,9,4,6,7,1,2,4,2,8,4,2,6,9.0,9.0,13.0,8.0,15.0,11.0,3,2,1,0,2,3,0,1,5,0,0,5,http://www.khl.ru/game/309/46298/protocol/
398,12.11.2015,Автомобилист,Нефтехимик,0:3 0:0 0:1,"Главные судьи: Владимир Букин, Андрей Рогачёв","Линейные судьи: Алексей Михель, Евгений Стрельцов",Тренер: Андрей Разин,Тренер: Владимир Крикунов,18.0,17.0,16.0,17.0,17.0,13.0,10,12,11,10,8,8,0.0,0.0,4,5,1,3,3,3,4,10,7,6,3,4,13.0,12.0,12.0,12.0,15.0,10.0,4,5,0,0,5,4,0,0,4,0,0,4,http://www.khl.ru/game/309/46296/protocol/
396,12.11.2015,Металлург Нк,Адмирал,0:2 0:0 0:0,"Главные судьи: Алексей Васильев, Артур Кулёв","Линейные судьи: Максим Берсенёв, Евгений Юдин",Тренер: Николай Соловьёв,Тренер: Александр Андриевский,13.0,18.0,20.0,12.0,26.0,12.0,9,7,8,8,10,8,0.0,0.0,2,2,1,4,4,6,5,6,5,4,5,7,7.0,11.0,9.0,11.0,7.0,17.0,2,4,0,0,4,2,0,0,2,0,0,2,http://www.khl.ru/game/309/46295/protocol/
395,10.11.2015,ХК Сочи,ЦСКА,2:0 0:1 0:3,"Главные судьи: Алексей Белов, Антонин Йерабек","Линейные судьи: Дмитрий Голяк, Глеб Лазарев",Тренер: Вячеслав Буцаев,Тренер: Дмитрий Квартальнов,13.0,32.0,11.0,23.0,12.0,11.0,9,18,5,9,6,8,0.0,0.0,8,2,7,1,3,2,9,5,8,5,3,3,11.0,11.0,5.0,14.0,16.0,10.0,3,3,1,0,3,3,0,1,3,1,1,3,http://www.khl.ru/game/309/46291/protocol/
397,12.11.2015,Авангард,Динамо Р,1:0 0:1 1:1 0:0 0:1,"Главные судьи: Михаил Бутурлин, Рафаэль Кадыров","Линейные судьи: Алексей Медведев, Иван Сазонов",Тренер: Евгений Корноухов,Тренер: Кари Хейккиля,17.0,11.0,23.0,14.0,27.0,13.0,11,6,11,5,10,7,2,3,3,2,7,5,2,7,4,5,3,3,2,2,10.0,8.0,9.0,7.0,12.0,7.0,5,2,1,0,2,5,0,1,2,1,1,2,http://www.khl.ru/game/309/46299/protocol/
389,10.11.2015,Ак Барс,Салават Юлаев,1:1 0:1 2:0,"Главные судьи: Вячеслав Буланов, Максим Сидоренко","Линейные судьи: Дмитрий Сивов, Роман Шиханов",Тренер: Зинэтула Билялетдинов,Тренер: Игорь Захаркин,23.0,11.0,23.0,11.0,15.0,25.0,15,8,11,6,9,12,0.0,0.0,2,3,4,3,6,2,6,10,2,3,5,1,10.0,8.0,12.0,7.0,13.0,6.0,6,4,1,0,4,6,0,1,2,2,2,2,http://www.khl.ru/game/309/46294/protocol/
386,10.11.2015,Сибирь,Металлург Нк,0:0 2:4 4:0,"Главные судьи: Рафаэль Кадыров, Ильдар Сафиуллов","Линейные судьи: Алексей Медведев, Иван Сазонов",Тренер: Андрей Скабелка,Тренер: Николай Соловьёв,4.0,14.0,25.0,26.0,24.0,18.0,8,8,18,15,10,4,0.0,0.0,6,6,5,4,8,6,4,5,5,3,8,4,6.0,13.0,11.0,11.0,10.0,7.0,6,7,3,2,7,6,2,3,3,2,2,3,http://www.khl.ru/game/309/46282/protocol/
388,10.11.2015,Лада,Металлург Мг,1:2 0:4 0:1,"Главные судьи: Антти Боман, Юрий Оскирко","Линейные судьи: Александр Захаренков, Александр Садовников",Тренер: Артис Аболс,Тренер: Илья Воробьёв,6.0,17.0,15.0,18.0,17.0,16.0,2,8,5,13,7,9,0.0,0.0,5,0,1,5,1,4,3,3,0,0,1,3,6.0,10.0,6.0,13.0,5.0,5.0,3,5,0,0,5,3,0,0,7,1,1,7,http://www.khl.ru/game/309/46287/protocol/
387,10.11.2015,Югра,Нефтехимик,2:0 0:1 0:0,"Главные судьи: Денис Наумов, Павел Овчинников","Линейные судьи: Никита Вилюгин, Андрей Матюша",Тренер: Павел Езовских,Тренер: Владимир Крикунов,22.0,13.0,15.0,20.0,19.0,10.0,16,6,5,9,10,4,0.0,0.0,1,3,2,5,2,2,2,3,3,1,3,1,9.0,16.0,4.0,10.0,10.0,7.0,6,4,1,0,4,6,0,1,1,1,1,1,http://www.khl.ru/game/309/46286/protocol/
385,10.11.2015,Барыс,Динамо Р,0:0 1:0 4:1,"Главные судьи: Денис Бондарь, Владислав Киселёв","Линейные судьи: Яков Палей, Станислав Раминг",Тренер: Андрей Назаров,Тренер: Кари Хейккиля,15.0,17.0,9.0,18.0,14.0,15.0,11,11,15,9,11,8,0.0,0.0,2,2,1,4,3,3,0,0,0,0,7,4,3.0,5.0,7.0,6.0,9.0,9.0,5,4,1,0,4,5,0,1,4,1,1,4,http://www.khl.ru/game/309/46285/protocol/
390,10.11.2015,Динамо Мн,Медвешчак,0:1 1:1 0:2,"Главные судьи: Сергей Гусев, Антон Лаврентьев","Линейные судьи: Максим Берсенёв, Евгений Юдин",Тренер: Андрей Ковалёв,Тренер: Горди Дуайер,14.0,15.0,10.0,19.0,14.0,12.0,7,12,9,12,9,6,0.0,0.0,2,1,5,0,2,4,5,8,5,2,2,4,11.0,7.0,10.0,11.0,8.0,7.0,2,4,1,1,4,2,1,1,3,0,0,3,http://www.khl.ru/game/309/46288/protocol/
391,10.11.2015,Локомотив,Северсталь,0:0 1:0 0:1 0:0 0:1,"Главные судьи: Эдуард Ибатулин, Павел Комаров","Линейные судьи: Евгений П. Литвинов, Антон Понамаренко",Тренер: Алексей Кудашов,Тренер: Дмитрий Юшкевич,12.0,19.0,22.0,16.0,25.0,17.0,4,10,9,9,11,11,2,1,4,2,5,6,4,9,5,5,3,0,5,1,8.0,4.0,13.0,9.0,10.0,10.0,1,2,1,0,2,1,0,1,0,1,1,0,http://www.khl.ru/game/309/46289/protocol/
392,10.11.2015,СКА,Динамо Мск,1:2 1:0 1:0,"Главные судьи: Кит Кавал, Алексей Раводин","Линейные судьи: Константин Горденко, Александр Сысуев",Тренер: Сергей Зубов,Тренер: Харийс Витолиньш,26.0,20.0,13.0,23.0,11.0,20.0,19,14,7,10,5,10,0.0,0.0,3,1,9,2,3,3,4,2,3,6,4,1,8.0,10.0,13.0,8.0,8.0,8.0,3,2,1,0,2,3,0,1,3,1,1,3,http://www.khl.ru/game/309/46292/protocol/
383,10.11.2015,Авангард,Йокерит,0:1 0:0 0:0,"Главные судьи: Константин Оленин, Александр Сергеев","Линейные судьи: Сергей Мисюрь, Александр Отмахов",Тренер: Евгений Корноухов,Тренер: Эркка Вестерлунд,24.0,8.0,16.0,21.0,24.0,8.0,14,5,9,12,8,4,0.0,0.0,2,7,3,5,1,6,11,0,0,3,0,1,12.0,10.0,6.0,13.0,5.0,5.0,5,6,1,0,6,5,0,1,0,0,0,0,http://www.khl.ru/game/309/46283/protocol/
378,30.10.2015,Торпедо,Металлург Мг,1:1 0:1 1:2,"Главные судьи: Кит Кавал, Константин Оленин","Линейные судьи: Александр Садовников, Александр Захаренков",Тренер: Петерис Скудра,Тренер: Илья Воробьёв,12.0,13.0,20.0,14.0,11.0,14.0,9,9,11,9,9,7,0.0,0.0,1,0,2,5,2,2,11,6,3,4,7,5,15.0,7.0,12.0,7.0,8.0,10.0,4,6,0,0,6,4,0,0,3,2,2,3,http://www.khl.ru/game/309/46275/protocol/
381,01.11.2015,Медвешчак,Слован,2:0 1:1 3:1,"Главные судьи: Алексей Белов, Виктор Гашилов","Линейные судьи: Глеб Лазарев, Роман Шиханов",Тренер: Горди Дуайер,Тренер: Милош Ржига,20.0,10.0,12.0,29.0,15.0,18.0,14,7,6,10,12,10,0.0,0.0,2,5,7,2,3,0,3,4,3,1,1,1,8.0,11.0,11.0,9.0,10.0,9.0,2,5,1,1,5,2,1,1,5,1,1,5,http://www.khl.ru/game/309/46280/protocol/
379,30.10.2015,Медвешчак,Лада,0:1 1:2 0:1,"Главные судьи: Алексей Белов, Андрей Рогачёв","Линейные судьи: Алексей Михель, Евгений Стрельцов",Тренер: Горди Дуайер,Тренер: Артис Аболс,13.0,11.0,17.0,15.0,19.0,10.0,4,9,13,6,8,6,0.0,0.0,1,5,4,1,0,9,6,8,7,4,3,5,10.0,7.0,14.0,11.0,8.0,8.0,7,6,3,0,6,7,0,3,1,1,1,1,http://www.khl.ru/game/309/46278/protocol/
382,02.11.2015,Динамо Мн,Динамо Р,1:0 1:0 0:0,"Главные судьи: Рафаэль Кадыров, Ильдар Сафиуллов","Линейные судьи: Дмитрий Головлёв, Иван Сазонов",Тренер: Андрей Ковалёв,Тренер: Кари Хейккиля,19.0,7.0,18.0,9.0,10.0,21.0,10,3,7,4,8,12,0.0,0.0,1,4,2,7,4,1,3,6,2,4,4,5,6.0,6.0,11.0,5.0,11.0,10.0,3,3,0,0,3,3,0,0,2,0,0,2,http://www.khl.ru/game/309/46281/protocol/
380,31.10.2015,Йокерит,Динамо Р,0:0 5:0 0:5 0:0 0:1,"Главные судьи: Владимир Букин, Александр Сергеев","Линейные судьи: Никита Новиков, Торнике Кучава",Тренер: Эркка Вестерлунд,Тренер: Кари Хейккиля,34.0,9.0,27.0,12.0,10.0,27.0,15,4,14,7,5,18,3,2,2,10,3,5,3,1,2,1,3,3,4,5,8.0,8.0,13.0,4.0,10.0,14.0,3,4,2,2,4,3,2,2,3,3,3,3,http://www.khl.ru/game/309/46279/protocol/
645,01.11.2015,Динамо Мск,Спартак,2:0 1:4 1:0 0:0 1:0,"Главные судьи: Кит Кавал, Роман Гофман","Линейные судьи: Дмитрий Сивов, Сергей Шелянин",Тренер: Харийс Витолиньш,Тренер: Герман Титов,17.0,16.0,18.0,24.0,21.0,15.0,10,7,9,16,11,9,4,1,4,3,7,1,3,6,12,11,10,11,9,8,17.0,8.0,11.0,11.0,12.0,8.0,4,3,2,1,3,4,1,2,2,3,3,2,http://www.khl.ru/game/309/46546/protocol/
384,10.11.2015,Автомобилист,Трактор,0:2 4:0 1:0,"Главные судьи: Виктор Гашилов, Артур Кулёв","Линейные судьи: Никита Шалагин, Дмитрий Шишло",Тренер: Андрей Разин,Тренер: Андрей Николишин,23.0,16.0,22.0,19.0,20.0,15.0,13,9,14,13,13,5,0.0,0.0,5,7,2,3,4,2,2,5,4,6,3,3,12.0,13.0,13.0,7.0,13.0,8.0,2,5,1,1,5,2,1,1,4,0,0,4,http://www.khl.ru/game/309/46284/protocol/
375,30.10.2015,Северсталь,Динамо Мск,1:0 0:0 3:2,"Главные судьи: Эдуард Одиньш, Антти Боман","Линейные судьи: Александр Сысуев, Роман Шиханов",Тренер: Дмитрий Юшкевич,Тренер: Харийс Витолиньш,25.0,16.0,24.0,14.0,13.0,13.0,13,7,13,4,8,9,0.0,0.0,7,5,7,9,1,3,7,3,5,6,1,7,5.0,10.0,9.0,10.0,6.0,11.0,2,1,2,1,1,2,1,2,3,0,0,3,http://www.khl.ru/game/309/46274/protocol/
369,29.10.2015,Нефтехимик,Локомотив,2:0 1:2 1:1,"Главные судьи: Юрий Цыплаков, Роман Щенёв","Линейные судьи: Сергей Мисюрь, Александр Отмахов",Тренер: Владимир Крикунов,Тренер: Алексей Кудашов,24.0,16.0,12.0,20.0,18.0,18.0,16,7,9,8,11,8,0.0,0.0,3,3,2,3,4,3,3,4,4,2,5,3,11.0,10.0,14.0,12.0,12.0,10.0,3,4,1,1,4,3,1,1,3,2,2,3,http://www.khl.ru/game/309/46268/protocol/
370,29.10.2015,Йокерит,Югра,1:1 2:0 3:0,"Главные судьи: Сергей Кулаков, Александр Сергеев","Линейные судьи: Юрий Иванов, Пётр Алёшин",Тренер: Эркка Вестерлунд,Тренер: Павел Езовских,32.0,13.0,29.0,13.0,24.0,12.0,17,9,14,5,12,7,0.0,0.0,0,2,3,2,2,4,1,2,2,3,2,5,14.0,8.0,9.0,10.0,16.0,7.0,6,2,2,0,2,6,0,2,4,1,1,4,http://www.khl.ru/game/309/46269/protocol/
371,29.10.2015,Динамо Р,Автомобилист,0:2 2:2 2:0 1:0,"Главные судьи: Виктор Гашилов, Яков Деев","Линейные судьи: Алексей Майтак, Евгений Пронских",Тренер: Кари Хейккиля,Тренер: Андрей Разин,12.0,20.0,24.0,8.0,27.0,7.0,5,11,10,5,10,3,1,0,4,4,1,8,3,7,5,6,4,2,2,2,8.0,12.0,13.0,8.0,9.0,10.0,2,3,2,1,3,2,1,2,3,2,2,3,http://www.khl.ru/game/309/46270/protocol/
374,30.10.2015,Сибирь,Амур,0:1 0:0 2:0,"Главные судьи: Михаил Бутурлин, Евгений Гамалей","Линейные судьи: Дмитрий Парфёнов, Иван Сазонов",Тренер: Андрей Скабелка,Тренер: Сергей Шепелев,24.0,18.0,21.0,8.0,13.0,8.0,17,13,8,5,7,5,0.0,0.0,3,5,3,10,0,2,5,6,6,9,6,5,13.0,9.0,12.0,4.0,11.0,8.0,2,2,0,0,2,2,0,0,2,1,1,2,http://www.khl.ru/game/309/46272/protocol/
372,30.10.2015,Металлург Нк,Адмирал,1:1 1:0 1:2 0:0 0:1,"Главные судьи: Владислав Киселёв, Павел Комаров","Линейные судьи: Андрей Матюша, Станислав Раминг",Тренер: Николай Соловьёв,Тренер: Александр Андриевский,16.0,18.0,22.0,25.0,11.0,21.0,10,11,12,12,7,11,1,2,4,2,6,7,5,2,4,10,1,4,6,2,10.0,12.0,8.0,10.0,8.0,7.0,1,3,1,1,3,1,1,1,2,2,2,2,http://www.khl.ru/game/309/46271/protocol/
377,30.10.2015,Слован,Ак Барс,0:1 1:0 0:0 0:0 0:1,"Главные судьи: Денис Бондарь, Максим Сидоренко","Линейные судьи: Степан Коршак, Александр Чернышёв",Тренер: Милош Ржига,Тренер: Зинэтула Билялетдинов,20.0,16.0,19.0,14.0,20.0,10.0,7,9,13,3,10,5,2,3,8,9,5,7,2,5,2,7,1,4,4,9,7.0,7.0,10.0,12.0,0.0,0.0,3,2,1,0,2,3,0,1,1,0,0,1,http://www.khl.ru/game/309/46277/protocol/
376,30.10.2015,Динамо Мн,Салават Юлаев,0:2 1:1 0:2,"Главные судьи: Денис Наумов, Юрий Оскирко","Линейные судьи: Глеб Лазарев, Алексей Медведев",Тренер: Андрей Ковалёв,Тренер: Игорь Захаркин,8.0,14.0,11.0,23.0,18.0,12.0,5,10,6,17,7,5,0.0,0.0,1,1,3,2,5,5,1,3,2,3,4,2,12.0,8.0,12.0,9.0,12.0,12.0,6,5,1,0,5,6,0,1,3,1,1,3,http://www.khl.ru/game/309/46276/protocol/
367,28.10.2015,Медвешчак,Ак Барс,0:2 0:1 3:1,"Главные судьи: Алексей Васильев, Антти Боман","Линейные судьи: Евгений Стрельцов, Алексей Михель",Тренер: Горди Дуайер,Тренер: Зинэтула Билялетдинов,14.0,21.0,24.0,17.0,21.0,21.0,8,10,12,10,12,13,0.0,0.0,5,1,1,0,0,5,2,3,5,6,4,4,12.0,11.0,13.0,9.0,17.0,10.0,4,2,1,0,2,4,0,1,4,2,2,4,http://www.khl.ru/game/309/46266/protocol/
366,28.10.2015,ЦСКА,Динамо Мск,2:0 1:2 0:0,"Главные судьи: Алексей Анисимов, Кит Кавал","Линейные судьи: Александр Захаренков, Александр Садовников",Тренер: Дмитрий Квартальнов,Тренер: Харийс Витолиньш,20.0,19.0,18.0,14.0,27.0,9.0,10,10,8,5,11,4,0.0,0.0,6,2,3,5,2,6,10,12,13,11,1,10,11.0,7.0,9.0,4.0,9.0,7.0,3,6,0,0,6,3,0,0,3,2,2,3,http://www.khl.ru/game/309/46264/protocol/
362,28.10.2015,Северсталь,Витязь,1:3 0:0 1:0,"Главные судьи: Рафаэль Кадыров, Андрей Рогачёв","Линейные судьи: Александр Сысуев, Роман Шиханов",Тренер: Вацлав Сикора,Тренер: Олег Ореховский,17.0,22.0,38.0,12.0,21.0,6.0,10,16,17,2,8,4,0.0,0.0,4,4,4,11,1,5,4,5,4,3,8,3,11.0,9.0,10.0,11.0,10.0,10.0,1,3,0,0,3,1,0,0,3,2,2,3,http://www.khl.ru/game/309/46261/protocol/
365,28.10.2015,Торпедо,Салават Юлаев,1:0 0:0 1:2 0:1,"Главные судьи: Алексей Белов, Сергей Гусев","Линейные судьи: Сергей Шелянин, Дмитрий Сивов",Тренер: Петерис Скудра,Тренер: Игорь Захаркин,21.0,6.0,13.0,19.0,14.0,16.0,11,2,6,14,10,9,0,1,1,5,3,3,5,2,1,8,7,7,4,3,8.0,6.0,9.0,13.0,12.0,10.0,3,4,0,0,4,3,0,0,2,2,2,2,http://www.khl.ru/game/309/46265/protocol/
361,28.10.2015,Сибирь,Адмирал,2:0 0:0 0:0,"Главные судьи: Денис Наумов, Александр Соин","Линейные судьи: Станислав Раминг, Яков Палей",Тренер: Андрей Скабелка,Тренер: Александр Андриевский,7.0,28.0,19.0,19.0,18.0,12.0,6,16,12,13,8,8,0.0,0.0,8,0,1,4,4,3,4,8,4,8,4,2,11.0,10.0,12.0,9.0,12.0,9.0,2,4,1,0,4,2,0,1,1,0,0,1,http://www.khl.ru/game/309/46260/protocol/
368,29.10.2015,Трактор,ХК Сочи,3:0 2:3 0:0,"Главные судьи: Павел Овчинников, Владимир Букин","Линейные судьи: Никита Шалагин, Дмитрий Шишло",Тренер: Андрей Николишин,Тренер: Вячеслав Буцаев,24.0,30.0,20.0,17.0,17.0,28.0,13,17,13,7,11,14,0.0,0.0,9,5,5,4,8,2,6,9,9,9,5,7,13.0,7.0,13.0,11.0,10.0,6.0,5,5,1,1,5,5,1,1,4,2,2,4,http://www.khl.ru/game/309/46267/protocol/
364,28.10.2015,Слован,Лада,0:2 0:2 2:1,"Главные судьи: Сергей Беляев, Денис Бондарь","Линейные судьи: Степан Коршак, Александр Чернышёв",Тренер: Милош Ржига,Тренер: Артис Аболс,16.0,14.0,18.0,18.0,30.0,12.0,7,9,6,12,21,6,0.0,0.0,2,2,2,6,2,5,6,6,7,5,3,7,9.0,7.0,9.0,10.0,10.0,11.0,4,4,1,0,4,4,0,1,5,1,1,5,http://www.khl.ru/game/309/46263/protocol/
363,28.10.2015,Динамо Мн,Металлург Мг,2:3 2:1 2:0,"Главные судьи: Вячеслав Буланов, Алексей Раводин","Линейные судьи: Иван Назаров, Иван Сазонов",Тренер: Андрей Ковалёв,Тренер: Илья Воробьёв,23.0,9.0,18.0,9.0,11.0,21.0,15,6,13,6,9,9,0.0,0.0,1,2,2,2,5,0,2,5,3,2,1,3,12.0,9.0,10.0,12.0,6.0,9.0,2,3,2,2,3,2,2,2,4,2,2,4,http://www.khl.ru/game/309/46262/protocol/
359,28.10.2015,Авангард,Спартак,2:0 0:0 0:2 0:1,"Главные судьи: Эдуард Одиньш, Юрий Оскирко","Линейные судьи: Константин Горденко, Виктор Томилов",Тренер: Евгений Корноухов,Тренер: Герман Титов,11.0,16.0,12.0,16.0,8.0,24.0,5,10,7,9,3,14,0,1,3,3,4,3,7,3,6,4,2,3,3,1,9.0,4.0,4.0,12.0,9.0,7.0,1,1,1,0,1,1,0,1,1,2,2,1,http://www.khl.ru/game/309/46258/protocol/
353,26.10.2015,ЦСКА,Северсталь,2:0 2:1 3:0,"Главные судьи: Артур Кулёв, Денис Бондарь","Линейные судьи: Антон Понамаренко, Никита Новиков",Тренер: Дмитрий Квартальнов,Тренер: Вацлав Сикора,27.0,7.0,22.0,10.0,18.0,12.0,14,4,11,6,13,9,0.0,0.0,2,6,1,5,2,4,5,6,9,14,7,6,8.0,10.0,12.0,4.0,10.0,12.0,8,5,3,1,5,8,1,3,4,0,0,4,http://www.khl.ru/game/309/46252/protocol/
357,27.10.2015,Динамо Р,Югра,4:0 2:1 1:0,"Главные судьи: Виктор Гашилов, Антонин Йерабек","Линейные судьи: Алексей Майтак, Евгений Пронских",Тренер: Кари Хейккиля,Тренер: Павел Езовских,21.0,13.0,21.0,20.0,17.0,18.0,15,3,14,12,11,9,0.0,0.0,5,3,2,1,3,3,6,5,1,6,3,4,13.0,7.0,12.0,10.0,16.0,6.0,6,2,1,0,2,6,0,1,6,1,1,6,http://www.khl.ru/game/309/46256/protocol/
360,28.10.2015,Барыс,СКА,1:1 1:1 2:0,"Главные судьи: Роман Гофман, Константин Оленин","Линейные судьи: Эдуард Метальников, Александр Сироткин",Тренер: Андрей Назаров,Тренер: Сергей Зубов,16.0,19.0,16.0,15.0,18.0,17.0,10,12,15,7,9,13,0.0,0.0,4,5,3,1,0,1,3,3,4,1,3,1,9.0,7.0,8.0,14.0,6.0,7.0,2,5,1,1,5,2,1,1,3,1,1,3,http://www.khl.ru/game/309/46259/protocol/
373,26.10.2015,Барыс,Спартак,1:0 1:3 1:0 1:0,"Главные судьи: Сергей Гусев, Денис Наумов","Линейные судьи: Эдуард Метальников, Александр Сироткин",Тренер: Андрей Назаров,Тренер: Герман Титов,11.0,15.0,22.0,17.0,12.0,7.0,8,7,15,11,8,3,2,1,3,0,0,5,3,3,5,7,5,2,5,2,6.0,5.0,14.0,5.0,11.0,7.0,2,2,1,1,2,2,1,1,2,2,2,2,http://www.khl.ru/game/309/46273/protocol/
355,27.10.2015,Нефтехимик,ХК Сочи,0:0 0:0 1:1 0:0 1:0,"Главные судьи: Яков Деев, Владислав Киселёв","Линейные судьи: Торнике Кучава, Алексей Медведев",Тренер: Владимир Крикунов,Тренер: Вячеслав Буцаев,22.0,11.0,10.0,29.0,20.0,16.0,15,6,6,17,11,8,3,3,3,8,2,6,4,5,7,0,4,2,4,2,12.0,10.0,10.0,20.0,17.0,8.0,5,1,1,0,1,5,0,1,0,1,1,0,http://www.khl.ru/game/309/46254/protocol/
358,28.10.2015,Металлург Нк,Амур,0:1 1:0 1:1 0:0 0:1,"Главные судьи: Павел Комаров, Ильдар Сафиуллов","Линейные судьи: Дмитрий Головлёв, Дмитрий Парфёнов",Тренер: Николай Соловьёв,Тренер: Сергей Шепелев,21.0,16.0,22.0,20.0,22.0,11.0,9,8,8,15,6,9,3,1,3,4,3,6,2,7,7,3,5,5,2,7,12.0,11.0,13.0,7.0,8.0,8.0,2,3,0,0,3,2,0,0,2,2,2,2,http://www.khl.ru/game/309/46257/protocol/
354,27.10.2015,Трактор,Локомотив,0:0 1:0 1:1,"Главные судьи: Евгений Гамалей, Роман Щенёв","Линейные судьи: Андрей Матюша, Сергей Мисюрь",Тренер: Андрей Николишин,Тренер: Алексей Кудашов,14.0,20.0,16.0,13.0,10.0,30.0,8,10,10,9,4,15,0.0,0.0,4,1,1,3,8,2,8,10,11,10,6,8,6.0,14.0,11.0,5.0,12.0,11.0,4,2,0,0,2,4,0,0,1,1,1,1,http://www.khl.ru/game/309/46253/protocol/
349,26.10.2015,Авангард,СКА,0:1 0:0 1:3,"Главные судьи: Алексей Анисимов, Кит Кавал","Линейные судьи: Яков Палей, Станислав Раминг",Тренер: Евгений Корноухов,Тренер: Сергей Зубов,12.0,14.0,15.0,23.0,16.0,13.0,7,7,8,11,8,10,0.0,0.0,6,1,4,4,3,4,5,5,1,0,1,4,12.0,8.0,10.0,12.0,11.0,10.0,4,4,1,0,4,4,0,1,2,1,1,2,http://www.khl.ru/game/309/46250/protocol/
351,26.10.2015,Салават Юлаев,Адмирал,2:3 2:2 1:1,"Главные судьи: Антти Боман, Алексей Васильев","Линейные судьи: Андрей Матюша, Александр Нестеров",Тренер: Игорь Захаркин,Тренер: Александр Андриевский,15.0,19.0,21.0,22.0,19.0,9.0,12,10,14,13,11,4,0.0,0.0,3,1,4,5,3,6,3,6,8,8,2,5,7.0,11.0,22.0,10.0,8.0,13.0,4,4,2,2,4,4,2,2,4,3,3,4,http://www.khl.ru/game/309/46249/protocol/
346,25.10.2015,Витязь,Локомотив,0:1 1:0 1:2,"Главные судьи: Эдуард Одиньш, Михаил Бутурлин","Линейные судьи: Антон Понамаренко, Иван Назаров",Тренер: Олег Ореховский,Тренер: Алексей Кудашов,14.0,24.0,12.0,20.0,8.0,22.0,9,17,5,10,5,14,0.0,0.0,3,2,3,5,4,3,10,4,10,7,9,6,7.0,11.0,14.0,5.0,4.0,14.0,5,4,2,0,4,5,0,2,1,1,1,1,http://www.khl.ru/game/309/46244/protocol/
352,26.10.2015,Динамо Мн,Слован,1:1 1:2 1:0 0:0 0:1,"Главные судьи: Эдуард Одиньш, Владимир Букин","Линейные судьи: Дмитрий Сивов, Сергей Шелянин",Тренер: Андрей Ковалёв,Тренер: Милош Ржига,17.0,19.0,9.0,14.0,14.0,13.0,6,13,5,10,8,4,1,3,4,2,3,3,3,0,3,3,2,3,1,2,9.0,10.0,8.0,10.0,11.0,5.0,2,2,1,0,2,2,0,1,2,3,3,2,http://www.khl.ru/game/309/46251/protocol/
350,26.10.2015,Металлург Мг,Амур,2:0 0:0 1:0,"Главные судьи: Сергей Беляев, Александр Соин","Линейные судьи: Алексей Михель, Евгений Стрельцов",Тренер: Илья Воробьёв,Тренер: Сергей Шепелев,15.0,16.0,14.0,22.0,11.0,20.0,9,9,8,10,7,11,0.0,0.0,2,3,6,1,2,3,10,7,10,6,7,8,14.0,5.0,3.0,13.0,9.0,7.0,3,7,2,0,7,3,0,2,1,0,0,1,http://www.khl.ru/game/309/46248/protocol/
345,25.10.2015,Ак Барс,Нефтехимик,0:0 1:1 0:0 0:0 1:0,"Главные судьи: Евгений Гамалей, Константин Оленин","Линейные судьи: Александр Отмахов, Александр Сысуев",Тренер: Зинэтула Билялетдинов,Тренер: Владимир Крикунов,25.0,17.0,25.0,21.0,25.0,16.0,16,8,9,13,13,7,3,2,4,3,1,9,6,8,6,4,5,3,3,5,7.0,12.0,17.0,14.0,13.0,5.0,5,6,1,0,6,5,0,1,1,0,0,1,http://www.khl.ru/game/309/46245/protocol/
347,25.10.2015,Динамо Мск,ХК Сочи,1:2 1:0 0:2,"Главные судьи: Антонин Йерабек, Алексей Раводин","Линейные судьи: Степан Коршак, Александр Чернышёв",Тренер: Харийс Витолиньш,Тренер: Вячеслав Буцаев,20.0,20.0,19.0,22.0,17.0,16.0,9,11,9,13,9,6,0.0,0.0,7,6,4,7,8,3,7,11,6,7,5,13,10.0,9.0,12.0,8.0,13.0,12.0,3,2,1,0,2,3,0,1,3,1,1,3,http://www.khl.ru/game/309/46246/protocol/
348,26.10.2015,Металлург Нк,Сибирь,0:0 1:0 0:2,"Главные судьи: Рафаэль Кадыров, Андрей Рогачёв","Линейные судьи: Дмитрий Головлёв, Дмитрий Парфёнов",Тренер: Николай Соловьёв,Тренер: Андрей Скабелка,17.0,22.0,15.0,24.0,23.0,15.0,9,15,8,9,8,7,0.0,0.0,3,5,7,1,3,3,2,7,8,5,5,5,8.0,10.0,11.0,15.0,9.0,10.0,7,2,1,0,2,7,0,1,1,1,1,1,http://www.khl.ru/game/309/46247/protocol/
339,23.10.2015,Медвешчак,Барыс,1:0 1:0 1:0,"Главные судьи: Сергей Беляев, Алексей Раводин","Линейные судьи: Сергей Мисюрь, Яков Палей",Тренер: Горди Дуайер,Тренер: Андрей Назаров,18.0,14.0,16.0,25.0,16.0,21.0,11,9,10,14,11,7,0.0,0.0,1,7,3,4,5,2,7,8,4,9,3,5,14.0,12.0,6.0,12.0,10.0,16.0,5,4,0,0,4,5,0,0,3,0,0,3,http://www.khl.ru/game/309/46238/protocol/
342,24.10.2015,Югра,СКА,1:2 0:1 1:1,"Главные судьи: Денис Бондарь, Алексей Белов","Линейные судьи: Константин Горденко, Виктор Томилов",Тренер: Павел Езовских,Тренер: Сергей Зубов,14.0,24.0,20.0,12.0,11.0,12.0,9,15,12,6,5,8,0.0,0.0,4,3,4,2,1,3,2,3,0,3,3,4,4.0,19.0,8.0,10.0,7.0,10.0,4,3,1,0,3,4,0,1,3,2,2,3,http://www.khl.ru/game/309/46241/protocol/
344,25.10.2015,Лада,Трактор,2:0 0:2 2:0,"Главные судьи: Яков Деев, Ильдар Сафиуллов","Линейные судьи: Пётр Алёшин, Юрий Иванов",Тренер: Артис Аболс,Тренер: Андрей Николишин,14.0,9.0,10.0,16.0,18.0,9.0,7,4,6,5,13,4,0.0,0.0,2,3,6,0,2,3,2,2,2,1,1,0,1.0,10.0,5.0,11.0,6.0,13.0,2,0,1,0,0,2,0,1,4,1,1,4,http://www.khl.ru/game/309/46243/protocol/
338,23.10.2015,Слован,Авангард,0:1 0:2 0:0,"Главные судьи: Виктор Гашилов, Денис Наумов","Линейные судьи: Станислав Раминг, Роман Шиханов",Тренер: Милош Ржига,Тренер: Евгений Корноухов,19.0,20.0,13.0,21.0,22.0,14.0,10,12,6,14,8,11,0.0,0.0,5,6,2,3,2,6,4,4,3,3,4,2,13.0,11.0,5.0,11.0,10.0,8.0,3,3,0,0,3,3,0,0,3,0,0,3,http://www.khl.ru/game/309/46236/protocol/
341,24.10.2015,Салават Юлаев,Йокерит,2:0 0:0 2:0,"Главные судьи: Вячеслав Буланов, Кит Кавал","Линейные судьи: Александр Захаренков, Александр Садовников",Тренер: Игорь Захаркин,Тренер: Эркка Вестерлунд,21.0,23.0,20.0,28.0,18.0,23.0,9,17,9,16,7,10,0.0,0.0,4,7,7,7,6,7,6,3,8,2,2,7,8.0,10.0,7.0,7.0,6.0,13.0,6,6,2,0,6,6,0,2,2,0,0,2,http://www.khl.ru/game/309/46240/protocol/
337,23.10.2015,Динамо Мск,Локомотив,1:0 0:4 1:0,"Главные судьи: Алексей Анисимов, Максим Сидоренко","Линейные судьи: Александр Отмахов, Александр Сысуев",Тренер: Харийс Витолиньш,Тренер: Алексей Кудашов,15.0,22.0,22.0,18.0,21.0,3.0,11,9,12,13,11,2,0.0,0.0,6,8,5,6,1,6,13,8,3,3,7,3,9.0,13.0,12.0,17.0,9.0,9.0,4,6,1,1,6,4,1,1,3,1,1,3,http://www.khl.ru/game/309/46237/protocol/
343,24.10.2015,Автомобилист,Спартак,0:0 0:1 2:1 0:1,"Главные судьи: Рафаэль Кадыров, Роман Щенёв","Линейные судьи: Алексей Майтак, Евгений Пронских",Тренер: Андрей Разин,Тренер: Герман Титов,16.0,14.0,23.0,12.0,10.0,16.0,7,7,13,6,4,10,1,1,4,4,2,6,2,3,3,3,4,5,3,5,4.0,10.0,12.0,5.0,8.0,11.0,6,1,2,0,1,6,0,2,2,0,0,2,http://www.khl.ru/game/309/46242/protocol/
340,24.10.2015,Металлург Мг,Динамо Р,0:1 1:1 0:1,"Главные судьи: Юрий Цыплаков, Павел Овчинников","Линейные судьи: Андрей Матюша, Александр Нестеров",Тренер: Илья Воробьёв,Тренер: Кари Хейккиля,28.0,15.0,28.0,16.0,26.0,14.0,13,8,12,9,12,6,0.0,0.0,1,6,3,6,4,7,7,3,2,6,4,7,8.0,6.0,10.0,15.0,6.0,9.0,7,2,1,0,2,7,0,1,2,0,0,2,http://www.khl.ru/game/309/46239/protocol/
334,23.10.2015,Лада,Нефтехимик,0:0 1:1 2:1,"Главные судьи: Алексей Васильев, Эдуард Одиньш","Линейные судьи: Алексей Михель, Евгений Стрельцов",Тренер: Артис Аболс,Тренер: Владимир Крикунов,17.0,11.0,14.0,22.0,18.0,15.0,7,4,9,10,10,8,0.0,0.0,1,2,3,0,1,2,1,2,0,1,0,3,12.0,6.0,10.0,12.0,10.0,9.0,3,4,0,0,4,3,0,0,3,2,2,3,http://www.khl.ru/game/309/46233/protocol/
336,23.10.2015,Витязь,ХК Сочи,1:0 1:1 1:0,"Главные судьи: Павел Комаров, Кит Кавал","Линейные судьи: Алексей Медведев, Никита Новиков",Тренер: Олег Ореховский,Тренер: Вячеслав Буцаев,16.0,19.0,12.0,30.0,16.0,34.0,8,14,7,19,13,13,0.0,0.0,4,7,9,1,9,0,10,8,14,6,9,4,9.0,11.0,14.0,11.0,13.0,10.0,3,2,0,0,2,3,0,0,2,0,0,2,http://www.khl.ru/game/309/46234/protocol/
333,23.10.2015,Адмирал,Динамо Мн,0:1 2:1 3:0,"Главные судьи: Антти Боман, Александр Сергеев","Линейные судьи: Эдуард Метальников, Александр Сироткин",Тренер: Александр Андриевский,Тренер: Андрей Ковалёв,20.0,21.0,17.0,16.0,21.0,13.0,11,9,7,6,15,9,0.0,0.0,3,4,4,4,2,2,6,4,1,2,3,4,9.0,15.0,11.0,5.0,13.0,7.0,4,5,1,1,5,4,1,1,4,1,1,4,http://www.khl.ru/game/309/46232/protocol/
335,23.10.2015,Ак Барс,Трактор,2:0 2:0 1:1,"Главные судьи: Антонин Йерабек, Александр Соин","Линейные судьи: Торнике Кучава, Иван Сазонов",Тренер: Зинэтула Билялетдинов,Тренер: Андрей Николишин,30.0,9.0,24.0,15.0,18.0,12.0,20,5,16,8,7,7,0.0,0.0,2,6,3,3,1,9,4,3,6,5,2,2,6.0,12.0,13.0,10.0,9.0,7.0,3,2,1,0,2,3,0,1,4,1,1,4,http://www.khl.ru/game/309/46235/protocol/
330,22.10.2015,Салават Юлаев,Динамо Р,0:0 1:0 2:1,"Главные судьи: Эдуард Ибатулин, Роман Щенёв","Линейные судьи: Антон Понамаренко, Алексей Медведев",Тренер: Игорь Захаркин,Тренер: Кари Хейккиля,26.0,11.0,29.0,20.0,19.0,20.0,8,4,14,10,11,10,0.0,0.0,5,7,6,7,3,5,8,8,9,6,6,7,10.0,5.0,13.0,13.0,17.0,8.0,7,3,2,0,3,7,0,2,1,1,1,1,http://www.khl.ru/game/309/46227/protocol/
329,22.10.2015,Металлург Мг,Йокерит,1:0 0:2 1:1,"Главные судьи: Алексей Белов, Константин Оленин","Линейные судьи: Дмитрий Сивов, Сергей Шелянин",Тренер: Илья Воробьёв,Тренер: Эркка Вестерлунд,28.0,18.0,21.0,22.0,26.0,9.0,11,12,12,16,13,7,0.0,0.0,5,8,6,4,0,9,10,5,4,0,1,3,5.0,11.0,10.0,7.0,5.0,7.0,5,4,2,0,4,5,0,2,1,2,2,1,http://www.khl.ru/game/309/46229/protocol/
331,22.10.2015,Югра,Спартак,0:2 1:1 1:2,"Главные судьи: Денис Бондарь, Сергей Кулаков","Линейные судьи: Константин Горденко, Виктор Томилов",Тренер: Павел Езовских,Тренер: Герман Титов,16.0,12.0,16.0,18.0,16.0,16.0,8,6,9,11,11,11,0.0,0.0,2,6,2,4,1,2,1,1,5,1,1,1,9.0,7.0,5.0,9.0,8.0,11.0,4,7,3,2,7,4,2,3,2,0,0,2,http://www.khl.ru/game/309/46230/protocol/
332,23.10.2015,Амур,Торпедо,1:1 0:0 0:2,"Главные судьи: Роман Гофман, Андрей Рогачёв","Линейные судьи: Дмитрий Головлёв, Глеб Лазарев",Тренер: Сергей Шепелев,Тренер: Петерис Скудра,11.0,18.0,30.0,13.0,18.0,14.0,9,10,23,8,10,8,0.0,0.0,5,1,3,4,4,4,4,6,8,7,4,4,7.0,17.0,9.0,9.0,13.0,8.0,5,3,1,0,3,5,0,1,2,1,1,2,http://www.khl.ru/game/309/46231/protocol/
327,21.10.2015,Медвешчак,Авангард,0:1 0:0 0:0,"Главные судьи: Алексей Раводин, Александр Соин","Линейные судьи: Яков Палей, Сергей Мисюрь",Тренер: Горди Дуайер,Тренер: Евгений Корноухов,21.0,15.0,12.0,17.0,15.0,16.0,10,9,5,9,9,7,0.0,0.0,3,7,3,4,6,4,4,6,6,3,2,2,10.0,4.0,7.0,11.0,11.0,15.0,3,4,0,0,4,3,0,0,1,0,0,1,http://www.khl.ru/game/309/46226/protocol/
322,21.10.2015,Амур,Динамо Мн,1:0 2:0 1:2,"Главные судьи: Вячеслав Буланов, Андрей Рогачёв","Линейные судьи: Александр Захаренков, Александр Садовников",Тренер: Сергей Шепелев,Тренер: Андрей Ковалёв,15.0,9.0,17.0,9.0,18.0,15.0,8,6,12,5,8,13,0.0,0.0,0,3,2,1,2,4,9,5,3,8,2,5,8.0,9.0,9.0,3.0,12.0,9.0,3,5,1,1,5,3,1,1,3,1,1,3,http://www.khl.ru/game/309/46221/protocol/
325,21.10.2015,Сибирь,ЦСКА,0:0 0:0 0:0 0:0 0:1,"Главные судьи: Антти Боман, Роман Гофман","Линейные судьи: Дмитрий Головлёв, Глеб Лазарев",Тренер: Андрей Скабелка,Тренер: Дмитрий Квартальнов,12.0,24.0,12.0,27.0,14.0,18.0,8,12,5,15,6,9,2,3,7,3,6,5,8,7,9,11,5,5,9,7,11.0,10.0,6.0,14.0,10.0,8.0,4,3,0,0,3,4,0,0,0,0,0,0,http://www.khl.ru/game/309/46224/protocol/
323,21.10.2015,Адмирал,Торпедо,0:2 2:4 1:2,"Главные судьи: Антонин Йерабек, Эдуард Одиньш","Линейные судьи: Эдуард Метальников, Александр Сироткин",Тренер: Александр Андриевский,Тренер: Петерис Скудра,12.0,21.0,16.0,22.0,20.0,16.0,5,9,11,17,13,14,0.0,0.0,7,4,3,0,2,1,6,4,7,3,3,1,11.0,9.0,22.0,5.0,13.0,11.0,8,5,2,1,5,8,1,2,5,2,2,5,http://www.khl.ru/game/309/46222/protocol/
324,21.10.2015,Металлург Нк,Северсталь,0:1 2:1 2:2 0:1,"Главные судьи: Сергей Гусев, Юрий Цыплаков","Линейные судьи: Пётр Алёшин, Юрий Иванов",Тренер: Николай Соловьёв,Тренер: Вацлав Сикора,18.0,25.0,20.0,20.0,27.0,22.0,7,14,9,11,13,8,0,3,3,5,3,6,1,7,2,2,5,5,8,5,11.0,8.0,8.0,9.0,8.0,8.0,7,5,2,0,5,7,0,2,1,4,4,1,http://www.khl.ru/game/309/46223/protocol/
321,20.10.2015,ХК Сочи,Йокерит,1:0 2:0 0:0,"Главные судьи: Ильдар Сафиуллов, Александр Сергеев","Линейные судьи: Торнике Кучава, Александр Отмахов",Тренер: Вячеслав Буцаев,Тренер: Эркка Вестерлунд,13.0,20.0,22.0,13.0,19.0,25.0,5,15,12,7,7,16,0.0,0.0,3,7,2,4,2,8,6,5,3,4,9,2,11.0,13.0,6.0,12.0,9.0,13.0,3,4,0,0,4,3,0,0,3,0,0,3,http://www.khl.ru/game/309/46219/protocol/
328,22.10.2015,Автомобилист,СКА,2:2 1:0 1:0,"Главные судьи: Михаил Бутурлин, Максим Сидоренко","Линейные судьи: Степан Коршак, Александр Чернышёв",Тренер: Андрей Разин,Тренер: Сергей Зубов,21.0,13.0,18.0,13.0,15.0,25.0,15,11,9,5,8,14,0.0,0.0,2,4,6,5,4,4,5,3,2,1,4,6,16.0,10.0,10.0,15.0,12.0,9.0,4,9,2,3,9,4,3,2,1,0,0,1,http://www.khl.ru/game/309/46228/protocol/
326,21.10.2015,Слован,Барыс,3:1 0:2 2:0,"Главные судьи: Евгений Гамалей, Денис Наумов","Линейные судьи: Станислав Раминг, Роман Шиханов",Тренер: Милош Ржига,Тренер: Андрей Назаров,15.0,17.0,33.0,23.0,26.0,12.0,7,14,17,14,16,4,0.0,0.0,6,3,9,11,4,6,2,4,3,4,2,3,10.0,11.0,13.0,16.0,10.0,16.0,5,2,2,0,2,5,0,2,4,1,1,4,http://www.khl.ru/game/309/46225/protocol/
314,19.10.2015,Витязь,Авангард,1:0 1:1 1:0,"Главные судьи: Сергей Кулаков, Андрей Рогачёв","Линейные судьи: Сергей Мисюрь, Яков Палей",Тренер: Олег Ореховский,Тренер: Евгений Корноухов,21.0,17.0,23.0,30.0,15.0,18.0,10,10,15,20,10,9,0.0,0.0,5,7,5,6,5,1,4,7,7,4,9,2,11.0,12.0,11.0,14.0,11.0,10.0,4,3,1,0,3,4,0,1,2,1,1,2,http://www.khl.ru/game/309/46213/protocol/
313,19.10.2015,Сибирь,Торпедо,1:0 2:0 1:1,"Главные судьи: Юрий Цыплаков, Сергей Гусев","Линейные судьи: Пётр Алёшин, Юрий Иванов",Тренер: Андрей Скабелка,Тренер: Петерис Скудра,14.0,19.0,23.0,9.0,10.0,20.0,7,12,14,2,7,14,0.0,0.0,6,2,8,3,4,2,9,7,11,9,5,5,11.0,8.0,10.0,10.0,7.0,11.0,5,4,2,0,4,5,0,2,2,0,0,2,http://www.khl.ru/game/309/46212/protocol/
317,19.10.2015,Медвешчак,Югра,3:3 2:2 1:1 0:0 0:1,"Главные судьи: Павел Комаров, Александр Соин","Линейные судьи: Иван Назаров, Александр Нестеров",Тренер: Горди Дуайер,Тренер: Павел Езовских,27.0,20.0,23.0,11.0,26.0,15.0,18,14,13,6,15,10,1,1,4,3,4,1,3,4,8,4,4,7,2,6,15.0,6.0,10.0,6.0,13.0,10.0,4,4,1,1,4,4,1,1,5,5,5,5,http://www.khl.ru/game/309/46216/protocol/
319,20.10.2015,Нефтехимик,Лада,0:1 1:0 0:0 0:0 0:1,"Главные судьи: Алексей Белов, Сергей Беляев","Линейные судьи: Александр Сысуев, Виктор Томилов",Тренер: Владимир Крикунов,Тренер: Артис Аболс,9.0,26.0,20.0,13.0,26.0,11.0,4,18,11,5,13,7,4,2,5,2,4,5,2,6,4,9,11,7,9,8,7.0,19.0,7.0,11.0,14.0,6.0,1,2,0,0,2,1,0,0,1,1,1,1,http://www.khl.ru/game/309/46218/protocol/
316,19.10.2015,Слован,Автомобилист,0:0 1:1 2:2 0:0 1:0,"Главные судьи: Евгений Гамалей, Константин Оленин","Линейные судьи: Алексей Михель, Евгений Стрельцов",Тренер: Милош Ржига,Тренер: Андрей Разин,13.0,13.0,25.0,11.0,17.0,10.0,10,6,16,8,11,7,1,1,5,1,4,3,4,1,1,5,4,4,3,3,14.0,8.0,15.0,11.0,10.0,8.0,6,5,2,0,5,6,0,2,3,1,1,3,http://www.khl.ru/game/309/46214/protocol/
318,20.10.2015,Салават Юлаев,Ак Барс,1:1 1:0 0:0,"Главные судьи: Алексей Анисимов, Виктор Гашилов","Линейные судьи: Дмитрий Сивов, Сергей Шелянин",Тренер: Игорь Захаркин,Тренер: Зинэтула Билялетдинов,15.0,15.0,19.0,21.0,7.0,39.0,9,8,10,11,3,15,0.0,0.0,3,3,3,5,12,0,3,2,3,4,2,4,12.0,7.0,8.0,12.0,7.0,13.0,3,5,1,1,5,3,1,1,1,0,0,1,http://www.khl.ru/game/309/46217/protocol/
320,20.10.2015,Локомотив,Динамо Р,0:0 2:0 1:1,"Главные судьи: Артур Кулёв, Рафаэль Кадыров","Линейные судьи: Константин Горденко, Дмитрий Парфёнов",Тренер: Алексей Кудашов,Тренер: Кари Хейккиля,22.0,19.0,17.0,7.0,18.0,12.0,10,15,15,2,12,7,0.0,0.0,2,6,3,1,3,3,5,3,5,3,3,4,10.0,8.0,12.0,11.0,13.0,6.0,2,2,1,0,2,2,0,1,3,0,0,3,http://www.khl.ru/game/309/46220/protocol/
315,19.10.2015,Динамо Мск,Барыс,1:0 0:0 0:2,"Главные судьи: Алексей Васильев, Роман Щенёв","Линейные судьи: Эдуард Метальников, Александр Сироткин",Тренер: Харийс Витолиньш,Тренер: Евгений Корешков,21.0,10.0,17.0,25.0,24.0,16.0,14,4,9,13,11,5,0.0,0.0,1,5,8,6,4,4,6,6,6,10,7,7,9.0,6.0,8.0,15.0,10.0,11.0,3,1,0,0,1,3,0,0,2,1,1,2,http://www.khl.ru/game/309/46215/protocol/
305,17.10.2015,Медвешчак,Автомобилист,0:0 1:1 1:1 0:1,"Главные судьи: Денис Бондарь, Павел Комаров","Линейные судьи: Иван Назаров, Александр Нестеров",Тренер: Горди Дуайер,Тренер: Андрей Разин,20.0,13.0,23.0,13.0,19.0,16.0,14,5,10,5,10,10,0,2,3,0,1,2,6,2,5,1,7,2,8,0,7.0,5.0,10.0,6.0,10.0,9.0,4,5,1,0,5,4,0,1,1,1,1,1,http://www.khl.ru/game/309/46204/protocol/
310,19.10.2015,Амур,Северсталь,1:0 1:1 0:2,"Главные судьи: Владислав Киселёв, Эдуард Одиньш","Линейные судьи: Александр Захаренков, Александр Садовников",Тренер: Сергей Шепелев,Тренер: Вацлав Сикора,16.0,12.0,26.0,11.0,11.0,18.0,10,9,17,7,6,15,0.0,0.0,0,5,1,3,1,3,2,3,3,1,1,4,7.0,7.0,4.0,7.0,12.0,10.0,1,3,0,0,3,1,0,0,3,2,2,3,http://www.khl.ru/game/309/46209/protocol/
307,18.10.2015,Локомотив,Йокерит,0:0 1:1 2:0,"Главные судьи: Михаил Бутурлин, Алексей Раводин","Линейные судьи: Торнике Кучава, Никита Новиков",Тренер: Алексей Кудашов,Тренер: Эркка Вестерлунд,12.0,21.0,26.0,12.0,20.0,10.0,4,14,13,4,14,3,0.0,0.0,4,3,5,5,8,2,13,2,6,5,6,2,4.0,14.0,15.0,10.0,8.0,10.0,3,4,1,1,4,3,1,1,0,0,0,0,http://www.khl.ru/game/309/46207/protocol/
306,18.10.2015,Металлург Мг,Трактор,0:0 1:2 2:1 1:0,"Главные судьи: Алексей Анисимов, Денис Наумов","Линейные судьи: Константин Горденко, Дмитрий Парфёнов",Тренер: Илья Воробьёв,Тренер: Андрей Николишин,21.0,15.0,16.0,15.0,22.0,17.0,13,5,9,9,16,11,1,0,3,2,3,4,3,3,6,3,3,7,6,5,9.0,9.0,7.0,2.0,7.0,14.0,5,4,3,1,4,5,1,3,0,2,2,0,http://www.khl.ru/game/309/46205/protocol/
311,19.10.2015,Адмирал,ЦСКА,0:0 0:0 0:2,"Главные судьи: Антонин Йерабек, Вячеслав Буланов","Линейные судьи: Алексей Майтак, Евгений Пронских",Тренер: Александр Андриевский,Тренер: Дмитрий Квартальнов,15.0,12.0,15.0,18.0,12.0,12.0,7,8,11,9,8,8,0.0,0.0,2,3,5,2,2,3,12,7,3,6,5,1,10.0,7.0,12.0,15.0,7.0,10.0,3,4,0,0,4,3,0,0,2,0,0,2,http://www.khl.ru/game/309/46210/protocol/
309,18.10.2015,Спартак,Ак Барс,0:1 1:1 2:0,"Главные судьи: Антти Боман, Александр Сергеев","Линейные судьи: Алексей Медведев, Эдуард Метальников",Тренер: Герман Титов,Тренер: Зинэтула Билялетдинов,14.0,16.0,14.0,15.0,12.0,19.0,4,8,9,7,10,9,0.0,0.0,3,2,3,3,4,0,11,5,2,5,8,2,6.0,6.0,10.0,10.0,10.0,13.0,3,3,2,1,3,3,1,2,1,1,1,1,http://www.khl.ru/game/309/46208/protocol/
308,18.10.2015,СКА,Лада,1:0 0:1 1:0,"Главные судьи: Антон Лаврентьев, Виктор Гашилов","Линейные судьи: Никита Вилюгин, Евгений Литвинов",Тренер: Сергей Зубов,Тренер: Артис Аболс,19.0,20.0,17.0,14.0,12.0,14.0,13,11,12,8,6,9,0.0,0.0,5,2,6,4,4,2,8,2,3,5,4,2,9.0,7.0,13.0,4.0,7.0,13.0,4,4,1,1,4,4,1,1,1,0,0,1,http://www.khl.ru/game/309/46206/protocol/
312,19.10.2015,Металлург Нк,Динамо Мн,1:0 1:2 1:1 0:0 0:1,"Главные судьи: Владимир Букин, Яков Деев","Линейные судьи: Дмитрий Головлёв, Глеб Лазарев",Тренер: Николай Соловьёв,Тренер: Андрей Ковалёв,19.0,15.0,22.0,26.0,25.0,12.0,12,7,11,13,9,8,3,7,5,2,2,1,3,7,3,7,4,0,2,5,5.0,8.0,10.0,10.0,9.0,13.0,2,0,1,0,0,2,0,1,3,2,2,3,http://www.khl.ru/game/309/46211/protocol/
303,17.10.2015,Динамо Мск,Авангард,0:0 1:1 0:0 1:0,"Главные судьи: Антонин Йерабек, Алексей Белов","Линейные судьи: Дмитрий Сивов, Сергей Шелянин",Тренер: Харийс Витолиньш,Тренер: Евгений Корноухов,10.0,22.0,18.0,16.0,17.0,13.0,3,13,9,7,8,6,3,0,7,4,5,6,7,4,10,8,7,4,3,2,8.0,10.0,10.0,10.0,7.0,9.0,4,3,1,0,3,4,0,1,1,1,1,1,http://www.khl.ru/game/309/46203/protocol/
298,17.10.2015,Амур,ЦСКА,1:0 1:1 1:1,"Главные судьи: Сергей Гусев, Юрий Цыплаков","Линейные судьи: Пётр Алёшин, Юрий Иванов",Тренер: Сергей Шепелев,Тренер: Дмитрий Квартальнов,11.0,18.0,11.0,12.0,9.0,19.0,8,10,8,8,9,14,0.0,0.0,2,2,3,1,4,1,6,6,5,7,4,4,9.0,12.0,9.0,13.0,8.0,10.0,7,6,2,0,6,7,0,2,1,2,2,1,http://www.khl.ru/game/309/46197/protocol/
301,17.10.2015,Сибирь,Динамо Мн,1:0 0:1 1:1 0:1,"Главные судьи: Эдуард Одиньш, Владислав Киселёв","Линейные судьи: Александр Захаренков, Александр Садовников",Тренер: Андрей Скабелка,Тренер: Андрей Ковалёв,17.0,23.0,14.0,19.0,18.0,17.0,7,16,9,8,10,7,3,2,3,3,6,1,5,2,2,5,8,3,5,2,8.0,8.0,11.0,5.0,8.0,8.0,2,2,1,0,2,2,0,1,2,1,1,2,http://www.khl.ru/game/309/46200/protocol/
300,17.10.2015,Металлург Нк,Торпедо,2:1 1:1 0:1 0:1,"Главные судьи: Сергей Беляев, Вячеслав Буланов","Линейные судьи: Андрей Матюша, Сергей Мисюрь",Тренер: Николай Соловьёв,Тренер: Петерис Скудра,27.0,12.0,22.0,22.0,8.0,17.0,18,11,14,10,2,11,2,2,3,3,4,2,5,1,9,2,5,7,10,3,7.0,9.0,11.0,7.0,10.0,8.0,2,2,1,1,2,2,1,1,2,2,2,2,http://www.khl.ru/game/309/46199/protocol/
302,17.10.2015,Витязь,Барыс,0:0 3:3 0:0 0:0 1:0,"Главные судьи: Юрий Оскирко, Александр Соин","Линейные судьи: Эдуард Метальников, Александр Сироткин",Тренер: Олег Ореховский,Тренер: Евгений Корешков,20.0,30.0,20.0,23.0,21.0,20.0,14,18,14,14,12,8,3,1,7,1,4,5,8,5,9,5,8,7,6,4,6.0,15.0,15.0,11.0,6.0,12.0,4,6,2,1,6,4,1,2,1,2,2,1,http://www.khl.ru/game/309/46201/protocol/
304,17.10.2015,Слован,Югра,3:0 3:0 0:0,"Главные судьи: Алексей Васильев, Константин Оленин","Линейные судьи: Алексей Михель, Евгений Стрельцов",Тренер: Милош Ржига,Тренер: Павел Езовских,22.0,16.0,18.0,12.0,15.0,9.0,13,11,12,4,13,4,0.0,0.0,5,4,5,5,1,3,5,5,0,5,3,1,11.0,9.0,14.0,8.0,11.0,6.0,6,2,0,0,2,6,0,0,6,0,0,6,http://www.khl.ru/game/309/46202/protocol/
299,17.10.2015,Адмирал,Северсталь,0:3 0:0 1:1,"Главные судьи: Владимир Букин, Яков Деев","Линейные судьи: Алексей Майтак, Евгений Пронских",Тренер: Александр Андриевский,Тренер: Вацлав Сикора,19.0,11.0,29.0,12.0,23.0,10.0,7,6,18,12,17,7,0.0,0.0,4,5,0,3,2,3,10,5,5,2,5,1,7.0,10.0,16.0,9.0,16.0,8.0,2,5,1,0,5,2,0,1,3,1,1,3,http://www.khl.ru/game/309/46198/protocol/
297,16.10.2015,ХК Сочи,Трактор,0:0 2:2 0:0 0:0 0:1,"Главные судьи: Евгений Гамалей, Роман Щенёв","Линейные судьи: Степан Коршак, Александр Чернышёв",Тренер: Вячеслав Буцаев,Тренер: Андрей Николишин,28.0,7.0,26.0,15.0,17.0,13.0,13,2,12,8,9,5,3,1,1,5,4,3,3,3,4,12,10,4,7,4,8.0,5.0,14.0,14.0,12.0,6.0,4,5,1,1,5,4,1,1,1,1,1,1,http://www.khl.ru/game/309/46194/protocol/
291,15.10.2015,Сибирь,Северсталь,2:1 1:0 0:1,"Главные судьи: Сергей Беляев, Вячеслав Буланов","Линейные судьи: Андрей Матюша, Сергей Мисюрь",Тренер: Андрей Скабелка,Тренер: Вацлав Сикора,15.0,22.0,13.0,11.0,11.0,13.0,11,15,6,7,6,8,0.0,0.0,1,2,2,4,2,4,2,2,4,2,2,4,7.0,13.0,11.0,8.0,7.0,10.0,4,6,2,1,6,4,1,2,1,1,1,1,http://www.khl.ru/game/309/46190/protocol/
292,15.10.2015,Витязь,Автомобилист,0:0 0:1 1:0 0:0 0:1,"Главные судьи: Виктор Гашилов, Рафаэль Кадыров","Линейные судьи: Алексей Медведев, Иван Сазонов",Тренер: Олег Ореховский,Тренер: Андрей Разин,11.0,21.0,18.0,23.0,16.0,8.0,5,14,13,9,11,7,2,2,4,3,9,3,0,4,9,7,7,8,8,8,11.0,7.0,8.0,6.0,4.0,15.0,2,4,0,0,4,2,0,0,1,1,1,1,http://www.khl.ru/game/309/46191/protocol/
289,14.10.2015,Динамо Р,Салават Юлаев,2:1 1:1 0:3,"Главные судьи: Сергей Гусев, Владимир Букин","Линейные судьи: Александр Сироткин, Иван Назаров",Тренер: Кари Хейккиля,Тренер: Игорь Захаркин,18.0,17.0,18.0,17.0,13.0,19.0,10,10,12,9,6,9,0.0,0.0,6,5,4,1,4,3,5,3,1,1,5,2,9.0,12.0,6.0,11.0,8.0,9.0,2,3,2,1,3,2,1,2,3,2,2,3,http://www.khl.ru/game/309/46188/protocol/
294,16.10.2015,Металлург Мг,Салават Юлаев,0:2 2:3 2:1,"Главные судьи: Антти Боман, Алексей Раводин","Линейные судьи: Роман Шиханов, Станислав Раминг",Тренер: Майк Кинэн,Тренер: Игорь Захаркин,31.0,18.0,18.0,15.0,24.0,19.0,19,11,11,10,15,11,0.0,0.0,5,5,1,5,4,3,6,6,4,4,12,5,8.0,14.0,13.0,9.0,6.0,14.0,5,6,2,0,6,5,0,2,4,4,4,4,http://www.khl.ru/game/309/46193/protocol/
290,15.10.2015,Металлург Нк,ЦСКА,0:0 0:1 0:0,"Главные судьи: Алексей Белов, Владислав Киселёв","Линейные судьи: Александр Захаренков, Александр Садовников",Тренер: Николай Соловьёв,Тренер: Дмитрий Квартальнов,14.0,16.0,18.0,17.0,23.0,15.0,6,7,12,9,16,11,0.0,0.0,4,4,3,2,1,8,7,5,6,6,5,6,4.0,13.0,14.0,10.0,11.0,9.0,5,3,1,0,3,5,0,1,0,0,0,0,http://www.khl.ru/game/309/46189/protocol/
296,16.10.2015,СКА,Ак Барс,1:1 0:1 0:1,"Главные судьи: Алексей Анисимов, Антонин Йерабек","Линейные судьи: Александр Отмахов, Александр Сысуев",Тренер: Андрей Назаров,Тренер: Зинэтула Билялетдинов,22.0,21.0,13.0,31.0,20.0,16.0,10,12,8,22,11,10,0.0,0.0,5,6,4,2,3,4,2,2,3,5,1,0,12.0,11.0,9.0,15.0,9.0,15.0,7,4,1,0,4,7,0,1,2,1,1,2,http://www.khl.ru/game/309/46196/protocol/
293,15.10.2015,Динамо Мск,Югра,0:0 2:0 0:0,"Главные судьи: Денис Бондарь, Юрий Цыплаков","Линейные судьи: Дмитрий Головлёв, Александр Нестеров",Тренер: Харийс Витолиньш,Тренер: Павел Езовских,28.0,14.0,23.0,18.0,17.0,11.0,19,8,13,8,5,4,0.0,0.0,2,3,5,7,2,8,8,5,5,4,0,6,12.0,10.0,18.0,6.0,12.0,9.0,5,6,0,0,6,5,0,0,2,0,0,2,http://www.khl.ru/game/309/46192/protocol/
295,16.10.2015,Локомотив,Нефтехимик,1:0 3:1 0:1,"Главные судьи: Павел Овчинников, Сергей Кулаков","Линейные судьи: Алексей Медведев, Иван Сазонов",Тренер: Алексей Кудашов,Тренер: Владимир Крикунов,11.0,22.0,25.0,22.0,17.0,16.0,9,9,13,9,7,7,0.0,0.0,8,0,4,6,6,2,9,6,5,8,4,4,8.0,12.0,9.0,12.0,15.0,8.0,3,3,1,0,3,3,0,1,4,1,1,4,http://www.khl.ru/game/309/46195/protocol/
281,13.10.2015,Динамо Мск,Автомобилист,1:0 0:1 1:1 1:0,"Главные судьи: Владислав Киселёв, Андрей Рогачёв","Линейные судьи: Никита Вилюгин, Евгений П. Литвинов",Тренер: Харийс Витолиньш,Тренер: Андрей Разин,18.0,12.0,18.0,9.0,14.0,3.0,10,7,4,5,3,2,1,1,4,3,3,8,0,6,14,8,8,7,7,3,11.0,10.0,8.0,10.0,9.0,10.0,3,2,1,0,2,3,0,1,2,1,1,2,http://www.khl.ru/game/309/46181/protocol/
284,14.10.2015,Барыс,Амур,1:2 1:0 0:1,"Главные судьи: Павел Комаров, Ильдар Сафиуллов","Линейные судьи: Алексей Михель, Евгений Стрельцов",Тренер: Евгений Корешков,Тренер: Сергей Шепелев,15.0,13.0,21.0,17.0,12.0,13.0,9,8,11,8,8,6,0.0,0.0,3,3,2,2,3,3,6,1,0,0,3,0,11.0,6.0,14.0,5.0,9.0,11.0,2,2,1,0,2,2,0,1,3,1,1,3,http://www.khl.ru/game/309/46183/protocol/
283,14.10.2015,Авангард,Адмирал,1:1 2:2 2:2 0:0 1:0,"Главные судьи: Антти Боман, Сергей Кулаков","Линейные судьи: Андрей Матюша, Сергей Мисюрь",Тренер: Евгений Корноухов,Тренер: Александр Андриевский,24.0,12.0,22.0,16.0,20.0,22.0,17,8,14,10,8,9,3,2,1,4,4,3,7,7,3,3,2,4,5,2,9.0,9.0,10.0,20.0,14.0,7.0,7,1,3,0,1,7,0,3,2,4,4,2,http://www.khl.ru/game/309/46182/protocol/
287,14.10.2015,Спартак,СКА,0:0 1:1 0:2,"Главные судьи: Константин Оленин, Алексей Раводин","Линейные судьи: Дмитрий Сивов, Сергей Шелянин",Тренер: Герман Титов,Тренер: Андрей Назаров,19.0,17.0,9.0,17.0,11.0,17.0,10,10,5,4,4,11,0.0,0.0,5,2,2,0,2,3,1,5,3,1,2,1,5.0,16.0,12.0,10.0,6.0,7.0,6,4,2,0,4,6,0,2,1,1,1,1,http://www.khl.ru/game/309/46187/protocol/
288,14.10.2015,ХК Сочи,Нефтехимик,1:1 0:0 0:0 0:0 1:0,"Главные судьи: Эдуард Ибатулин, Михаил Бутурлин","Линейные судьи: Никита Шалагин, Дмитрий Шишло",Тренер: Вячеслав Буцаев,Тренер: Владимир Крикунов,10.0,19.0,9.0,14.0,19.0,13.0,5,14,6,5,10,7,5,4,2,3,7,2,1,2,6,3,7,3,6,1,13.0,8.0,9.0,7.0,10.0,7.0,6,9,1,0,9,6,0,1,0,1,1,0,http://www.khl.ru/game/309/46185/protocol/
282,13.10.2015,Торпедо,Динамо Мн,1:0 0:0 1:1,"Главные судьи: Вячеслав Буланов, Константин Оленин","Линейные судьи: Никита Новиков, Торнике Кучава",Тренер: Петерис Скудра,Тренер: Любомир Покович,15.0,10.0,10.0,9.0,10.0,17.0,10,4,5,6,8,7,0.0,0.0,4,4,1,3,5,0,1,4,7,6,4,3,10.0,5.0,7.0,12.0,10.0,6.0,4,5,0,0,5,4,0,0,2,1,1,2,http://www.khl.ru/game/309/46179/protocol/
285,14.10.2015,Йокерит,Металлург Мг,0:0 3:0 1:2,"Главные судьи: Тобиас Верли, Алексей Анисимов","Линейные судьи: Александр Отмахов, Александр Сысуев",Тренер: Эркка Вестерлунд,Тренер: Майк Кинэн,29.0,19.0,15.0,29.0,21.0,26.0,9,9,10,11,10,13,0.0,0.0,1,10,8,1,3,2,5,3,1,3,3,2,8.0,5.0,10.0,7.0,11.0,9.0,4,3,1,0,3,4,0,1,3,2,2,3,http://www.khl.ru/game/309/46184/protocol/
286,14.10.2015,Локомотив,Трактор,0:0 2:0 1:0,"Главные судьи: Алексей Васильев, Яков Деев","Линейные судьи: Пётр Алёшин, Юрий Иванов",Тренер: Алексей Кудашов,Тренер: Андрей Николишин,19.0,13.0,30.0,13.0,12.0,11.0,10,9,18,5,5,4,0.0,0.0,1,6,2,3,5,5,7,3,3,6,4,5,5.0,11.0,8.0,9.0,10.0,6.0,1,1,0,0,1,1,0,0,3,0,0,3,http://www.khl.ru/game/309/46186/protocol/
275,12.10.2015,СКА,ХК Сочи,1:1 0:0 0:1,"Главные судьи: Алексей Белов, Андрей Рогачёв","Линейные судьи: Евгений Юдин, Максим Берсенёв",Тренер: Андрей Назаров,Тренер: Вячеслав Буцаев,14.0,15.0,13.0,21.0,27.0,22.0,6,8,8,14,13,15,0.0,0.0,4,4,6,5,4,8,9,1,6,4,1,2,10.0,9.0,8.0,9.0,7.0,16.0,7,7,1,0,7,7,0,1,1,1,1,1,http://www.khl.ru/game/309/46175/protocol/
278,13.10.2015,Лада,Медвешчак,1:1 0:0 4:1,"Главные судьи: Рафаэль Кадыров, Александр Сергеев","Линейные судьи: Дмитрий Головлёв, Дмитрий Парфёнов",Тренер: Артис Аболс,Тренер: Горди Дуайер,15.0,19.0,19.0,19.0,14.0,17.0,6,13,9,14,7,10,0.0,0.0,4,2,2,2,8,0,4,1,0,5,1,1,12.0,14.0,8.0,12.0,10.0,14.0,5,7,2,1,7,5,1,2,3,1,1,3,http://www.khl.ru/game/309/46177/protocol/
279,13.10.2015,Ак Барс,Слован,0:0 0:1 0:0,"Главные судьи: Алексей Раводин, Денис Наумов","Линейные судьи: Роман Шиханов, Станислав Раминг",Тренер: Зинэтула Билялетдинов,Тренер: Милош Ржига,15.0,15.0,14.0,20.0,24.0,7.0,12,6,9,15,12,5,0.0,0.0,3,1,3,6,2,8,8,1,7,4,5,2,13.0,8.0,10.0,7.0,10.0,8.0,3,3,0,0,3,3,0,0,1,0,0,1,http://www.khl.ru/game/309/46180/protocol/
277,12.10.2015,Динамо Р,Металлург Мг,0:0 0:1 1:1,"Главные судьи: Сергей Гусев, Александр Соин","Линейные судьи: Александр Сироткин, Иван Назаров",Тренер: Кари Хейккиля,Тренер: Майк Кинэн,11.0,17.0,17.0,24.0,17.0,44.0,7,8,8,15,5,24,0.0,0.0,6,1,3,5,5,3,3,4,0,2,1,1,7.0,5.0,7.0,8.0,9.0,15.0,3,5,1,1,5,3,1,1,1,0,0,1,http://www.khl.ru/game/309/46176/protocol/
273,12.10.2015,Трактор,Нефтехимик,0:0 1:1 0:2,"Главные судьи: Алексей Анисимов, Юрий Цыплаков","Линейные судьи: Константин Горденко, Виктор Томилов",Тренер: Андрей Николишин,Тренер: Владимир Крикунов,20.0,16.0,14.0,19.0,22.0,26.0,10,9,6,11,9,14,0.0,0.0,4,3,5,3,4,3,6,7,6,7,10,8,6.0,8.0,11.0,14.0,8.0,8.0,2,5,0,0,5,2,0,0,3,1,1,3,http://www.khl.ru/game/309/46170/protocol/
274,12.10.2015,Йокерит,Салават Юлаев,1:1 0:3 0:1,"Главные судьи: Роман Гофман, Тобиас Верли","Линейные судьи: Яков Палей, Александр Отмахов",Тренер: Эркка Вестерлунд,Тренер: Игорь Захаркин,17.0,17.0,26.0,17.0,16.0,13.0,7,8,14,13,6,9,0.0,0.0,3,3,0,2,1,4,4,4,5,3,0,5,16.0,5.0,18.0,6.0,16.0,5.0,5,3,1,0,3,5,0,1,5,0,0,5,http://www.khl.ru/game/309/46173/protocol/
280,13.10.2015,Витязь,Югра,0:0 1:0 0:0,"Главные судьи: Сергей Беляев, Антон Лаврентьев","Линейные судьи: Максим Берсенёв, Евгений Юдин",Тренер: Олег Ореховский,Тренер: Павел Езовских,28.0,15.0,20.0,26.0,16.0,22.0,21,12,14,13,9,14,0.0,0.0,1,6,9,4,5,1,5,6,4,8,7,4,8.0,8.0,7.0,5.0,13.0,13.0,5,3,0,0,3,5,0,0,1,0,0,1,http://www.khl.ru/game/309/46178/protocol/
276,12.10.2015,Спартак,Локомотив,0:1 0:1 0:0,"Главные судьи: Виктор Гашилов, Павел Овчинников","Линейные судьи: Никита Вилюгин, Евгений П. Литвинов",Тренер: Герман Титов,Тренер: Алексей Кудашов,14.0,7.0,24.0,20.0,13.0,5.0,14,5,8,16,6,3,0.0,0.0,0,2,3,4,0,5,1,2,1,0,1,1,7.0,10.0,11.0,8.0,7.0,6.0,2,3,0,0,3,2,0,0,2,0,0,2,http://www.khl.ru/game/309/46174/protocol/
269,11.10.2015,Ак Барс,Медвешчак,1:0 0:0 1:0,"Главные судьи: Вячеслав Буланов, Алексей Васильев","Линейные судьи: Глеб Лазарев, Александр Нестеров",Тренер: Зинэтула Билялетдинов,Тренер: Горди Дуайер,20.0,13.0,19.0,9.0,15.0,10.0,11,6,8,5,10,3,0.0,0.0,3,5,2,7,2,4,11,6,8,5,2,1,3.0,8.0,8.0,6.0,9.0,6.0,1,4,0,0,4,1,0,0,2,0,0,2,http://www.khl.ru/game/309/46169/protocol/
266,10.10.2015,Спартак,ХК Сочи,2:0 0:2 2:1,"Главные судьи: Эдуард Одиньш, Антонин Йерабек","Линейные судьи: Яков Палей, Александр Отмахов",Тренер: Герман Титов,Тренер: Вячеслав Буцаев,20.0,20.0,22.0,20.0,6.0,17.0,12,9,13,15,3,8,0.0,0.0,5,2,3,3,1,2,6,1,1,2,6,5,9.0,13.0,15.0,12.0,8.0,13.0,8,4,3,1,4,8,1,3,1,0,0,1,http://www.khl.ru/game/309/46164/protocol/
267,11.10.2015,Лада,Слован,1:0 1:1 0:0,"Главные судьи: Евгений Гамалей, Константин Оленин","Линейные судьи: Дмитрий Сивов, Сергей Шелянин",Тренер: Артис Аболс,Тренер: Милош Ржига,15.0,16.0,19.0,14.0,15.0,23.0,9,9,9,9,8,13,0.0,0.0,4,3,2,2,6,5,5,13,6,10,0,2,10.0,8.0,7.0,11.0,10.0,9.0,6,3,2,0,3,6,0,2,0,1,1,0,http://www.khl.ru/game/309/46166/protocol/
270,11.10.2015,ЦСКА,Динамо Мн,1:0 0:1 1:0,"Главные судьи: Антонин Йерабек, Антти Боман","Линейные судьи: Александр Захаренков, Александр Садовников",Тренер: Дмитрий Квартальнов,Тренер: Любомир Покович,20.0,21.0,18.0,28.0,10.0,14.0,9,7,11,16,6,5,0.0,0.0,7,5,4,6,4,1,6,4,7,5,2,3,15.0,12.0,13.0,10.0,9.0,10.0,6,3,0,0,3,6,0,0,1,1,1,1,http://www.khl.ru/game/309/46168/protocol/
268,11.10.2015,Северсталь,Торпедо,0:1 1:0 0:0 0:1,"Главные судьи: Владимир Букин, Алексей Раводин","Линейные судьи: Алексей Майтак, Евгений Пронских",Тренер: Вацлав Сикора,Тренер: Петерис Скудра,13.0,15.0,19.0,11.0,9.0,9.0,9,10,11,4,1,5,1,1,2,2,2,4,4,2,3,3,5,1,3,5,4.0,10.0,11.0,13.0,11.0,5.0,5,2,1,0,2,5,0,1,1,0,0,1,http://www.khl.ru/game/309/46167/protocol/
272,12.10.2015,Барыс,Адмирал,1:1 2:1 2:1,"Главные судьи: Юрий Оскирко, Ильдар Сафиуллов","Линейные судьи: Степан Коршак, Александр Чернышёв",Тренер: Евгений Корешков,Тренер: Александр Андриевский,12.0,18.0,15.0,13.0,15.0,11.0,8,13,6,11,11,7,0.0,0.0,2,1,1,3,2,2,3,3,6,2,5,1,12.0,8.0,12.0,11.0,9.0,15.0,3,3,1,0,3,3,0,1,3,3,3,3,http://www.khl.ru/game/309/46172/protocol/
271,12.10.2015,Авангард,Амур,0:0 0:1 1:0 0:0 1:0,"Главные судьи: Артур Кулёв, Яков Деев","Линейные судьи: Никита Шалагин, Дмитрий Шишло",Тренер: Евгений Корноухов,Тренер: Сергей Шепелев,14.0,12.0,26.0,15.0,29.0,10.0,8,7,18,8,15,5,2,0,1,6,5,7,2,9,6,6,5,4,8,3,12.0,5.0,17.0,7.0,8.0,7.0,1,1,0,0,1,1,0,0,1,1,1,1,http://www.khl.ru/game/309/46171/protocol/
265,10.10.2015,СКА,Локомотив,0:2 0:1 0:0,"Главные судьи: Роман Гофман, Александр Сергеев","Линейные судьи: Никита Шалагин, Дмитрий Шишло",Тренер: Андрей Назаров,Тренер: Алексей Кудашов,22.0,13.0,12.0,15.0,18.0,10.0,12,6,9,12,10,4,0.0,0.0,5,7,0,1,4,5,5,3,3,3,11,1,14.0,5.0,14.0,5.0,6.0,10.0,2,7,1,0,7,2,0,1,2,0,0,2,http://www.khl.ru/game/309/46165/protocol/
264,10.10.2015,Югра,Адмирал,0:0 2:0 1:0,"Главные судьи: Михаил Бутурлин, Антти Боман","Линейные судьи: Дмитрий Парфёнов, Александр Сысуев",Тренер: Павел Езовских,Тренер: Александр Андриевский,16.0,12.0,10.0,18.0,15.0,29.0,9,7,8,13,13,18,0.0,0.0,3,2,2,1,6,0,7,3,6,8,4,5,6.0,6.0,5.0,15.0,14.0,10.0,5,4,1,0,4,5,0,1,2,0,0,2,http://www.khl.ru/game/309/46163/protocol/
263,10.10.2015,Барыс,Сибирь,3:2 0:2 0:2,"Главные судьи: Алексей Белов, Юрий Оскирко","Линейные судьи: Степан Коршак, Александр Чернышёв",Тренер: Евгений Корешков,Тренер: Андрей Скабелка,13.0,15.0,7.0,19.0,24.0,7.0,8,9,5,15,15,6,0.0,0.0,3,3,1,1,0,5,7,1,6,6,3,0,14.0,8.0,14.0,14.0,13.0,6.0,4,3,1,0,3,4,0,1,5,2,2,5,http://www.khl.ru/game/309/46160/protocol/
258,09.10.2015,Нефтехимик,Йокерит,0:1 0:0 0:2,"Главные судьи: Денис Наумов, Владимир Букин","Линейные судьи: Никита Новиков, Иван Сазонов",Тренер: Владимир Крикунов,Тренер: Эркка Вестерлунд,16.0,26.0,20.0,24.0,23.0,13.0,4,13,13,12,7,8,0.0,0.0,5,5,8,1,4,6,8,1,7,4,4,3,9.0,11.0,9.0,12.0,7.0,7.0,3,5,1,0,5,3,0,1,1,0,0,1,http://www.khl.ru/game/309/46157/protocol/
261,10.10.2015,Авангард,Металлург Нк,0:3 1:1 0:0,"Главные судьи: Антон Лаврентьев, Владислав Киселёв","Линейные судьи: Пётр Алёшин, Юрий Иванов",Тренер: Евгений Корноухов,Тренер: Николай Соловьёв,18.0,15.0,14.0,15.0,24.0,9.0,11,9,11,8,12,6,0.0,0.0,4,5,5,4,2,7,3,2,3,1,3,2,8.0,8.0,9.0,9.0,7.0,10.0,2,3,1,0,3,2,0,1,3,1,1,3,http://www.khl.ru/game/309/46161/protocol/
260,09.10.2015,ЦСКА,Торпедо,0:2 0:0 1:2,"Главные судьи: Виктор Гашилов, Максим Сидоренко","Линейные судьи: Глеб Лазарев, Александр Нестеров",Тренер: Дмитрий Квартальнов,Тренер: Петерис Скудра,17.0,23.0,25.0,12.0,38.0,6.0,5,12,11,4,20,5,0.0,0.0,6,4,5,8,0,11,3,10,5,6,4,5,14.0,11.0,9.0,9.0,15.0,9.0,2,2,1,0,2,2,0,1,2,1,1,2,http://www.khl.ru/game/309/46159/protocol/
262,10.10.2015,Автомобилист,Амур,0:0 2:0 0:0,"Главные судьи: Алексей Анисимов, Роман Щенёв","Линейные судьи: Константин Горденко, Виктор Томилов",Тренер: Андрей Разин,Тренер: Сергей Шепелев,16.0,17.0,19.0,10.0,6.0,21.0,6,10,12,4,1,9,0.0,0.0,2,4,7,5,4,3,4,4,2,4,1,2,9.0,7.0,15.0,9.0,8.0,8.0,3,4,1,0,4,3,0,1,1,0,0,1,http://www.khl.ru/game/309/46162/protocol/
257,09.10.2015,Лада,Динамо Мск,0:2 0:1 0:2,"Главные судьи: Денис Бондарь, Павел Комаров","Линейные судьи: Эдуард Метальников, Александр Сироткин",Тренер: Артис Аболс,Тренер: Харийс Витолиньш,8.0,18.0,16.0,24.0,9.0,13.0,4,8,8,16,2,9,0.0,0.0,5,0,3,3,1,2,12,13,11,10,6,10,4.0,11.0,12.0,6.0,7.0,8.0,3,3,1,0,3,3,0,1,4,0,0,4,http://www.khl.ru/game/309/46156/protocol/
259,09.10.2015,Ак Барс,Витязь,0:2 2:2 0:0,"Главные судьи: Эдуард Ибатулин, Юрий Цыплаков","Линейные судьи: Максим Берсенёв, Евгений Юдин",Тренер: Зинэтула Билялетдинов,Тренер: Олег Ореховский,23.0,16.0,36.0,15.0,17.0,13.0,13,12,13,10,6,8,0.0,0.0,2,4,1,11,3,4,8,9,7,5,9,4,10.0,9.0,9.0,12.0,10.0,7.0,2,3,1,1,3,2,1,1,3,1,1,3,http://www.khl.ru/game/309/46158/protocol/
252,08.10.2015,Югра,Амур,0:0 0:1 0:0,"Главные судьи: Михаил Бутурлин, Павел Овчинников","Линейные судьи: Дмитрий Парфёнов, Александр Сысуев",Тренер: Павел Езовских,Тренер: Сергей Шепелев,18.0,15.0,19.0,16.0,23.0,12.0,10,8,5,9,11,3,0.0,0.0,3,3,3,6,5,7,3,5,3,1,4,1,11.0,6.0,8.0,10.0,10.0,9.0,3,5,0,0,5,3,0,0,1,0,0,1,http://www.khl.ru/game/309/46151/protocol/
249,08.10.2015,Авангард,Сибирь,1:1 0:1 1:0 0:0 1:0,"Главные судьи: Вячеслав Буланов, Антонин Йерабек","Линейные судьи: Алексей Медведев, Сергей Мисюрь",Тренер: Евгений Корноухов,Тренер: Андрей Скабелка,20.0,12.0,24.0,14.0,21.0,8.0,8,6,14,5,9,7,2,2,2,3,3,7,2,6,5,4,5,4,5,1,15.0,11.0,8.0,12.0,13.0,8.0,2,3,1,1,3,2,1,1,1,1,1,1,http://www.khl.ru/game/309/46148/protocol/
253,08.10.2015,Динамо Мн,Северсталь,0:1 1:1 0:1,"Главные судьи: Ильдар Сафиуллов, Роман Щенёв","Линейные судьи: Дмитрий Головлёв, Глеб Лазарев",Тренер: Любомир Покович,Тренер: Вацлав Сикора,13.0,19.0,18.0,18.0,11.0,13.0,5,9,7,9,4,8,0.0,0.0,2,3,6,6,3,3,3,5,4,1,4,4,8.0,9.0,9.0,11.0,8.0,8.0,2,1,1,0,1,2,0,1,3,0,0,3,http://www.khl.ru/game/309/46152/protocol/
251,08.10.2015,Барыс,Металлург Нк,2:0 1:2 1:0,"Главные судьи: Алексей Анисимов, Алексей Белов","Линейные судьи: Дмитрий Сивов, Сергей Шелянин",Тренер: Евгений Корешков,Тренер: Николай Соловьёв,10.0,17.0,16.0,17.0,15.0,9.0,4,10,13,12,7,4,0.0,0.0,2,5,3,3,1,4,4,4,3,1,1,2,14.0,4.0,9.0,17.0,11.0,9.0,5,6,1,1,6,5,1,1,3,1,1,3,http://www.khl.ru/game/309/46150/protocol/
255,09.10.2015,Салават Юлаев,Медвешчак,0:3 2:1 0:1,"Главные судьи: Сергей Беляев, Андрей Рогачёв","Линейные судьи: Торнике Кучава, Иван Назаров",Тренер: Игорь Захаркин,Тренер: Горди Дуайер,21.0,16.0,26.0,7.0,27.0,10.0,11,10,17,6,9,7,0.0,0.0,1,5,0,4,2,7,11,9,11,7,7,7,11.0,9.0,10.0,11.0,12.0,6.0,2,7,0,0,7,2,0,0,5,2,2,5,http://www.khl.ru/game/309/46155/protocol/
254,09.10.2015,Металлург Мг,Слован,0:2 1:1 1:0,"Главные судьи: Яков Деев, Эдуард Одиньш","Линейные судьи: Алексей Майтак, Евгений Пронских",Тренер: Майк Кинэн,Тренер: Милош Ржига,17.0,15.0,21.0,15.0,21.0,9.0,9,8,13,9,13,4,0.0,0.0,4,4,4,5,1,2,8,8,4,4,9,2,6.0,15.0,9.0,9.0,10.0,6.0,0,3,0,0,3,0,0,0,3,2,2,3,http://www.khl.ru/game/309/46154/protocol/
256,09.10.2015,Трактор,Динамо Р,0:1 2:1 0:0 0:0 1:0,"Главные судьи: Алексей Раводин, Александр Соин","Линейные судьи: Станислав Раминг, Роман Шиханов",Тренер: Андрей Николишин,Тренер: Кари Хейккиля,14.0,17.0,25.0,16.0,15.0,14.0,4,10,13,8,5,3,2,2,3,2,5,9,5,6,5,6,6,4,7,7,6.0,9.0,9.0,10.0,6.0,4.0,4,3,1,0,3,4,0,1,1,2,2,1,http://www.khl.ru/game/309/46153/protocol/
250,08.10.2015,Автомобилист,Адмирал,0:0 1:2 0:1,"Главные судьи: Алексей Васильев, Константин Оленин","Линейные судьи: Яков Палей, Евгений Стрельцов",Тренер: Андрей Разин,Тренер: Александр Андриевский,13.0,15.0,25.0,16.0,16.0,14.0,7,5,13,7,6,8,0.0,0.0,6,4,4,6,1,7,3,9,3,5,4,5,10.0,10.0,8.0,13.0,9.0,11.0,6,6,0,0,6,6,0,0,2,1,1,2,http://www.khl.ru/game/309/46149/protocol/
247,07.10.2015,Ак Барс,Динамо Мск,1:0 1:0 1:2,"Главные судьи: Антти Боман, Эдуард Одиньш","Линейные судьи: Пётр Алёшин, Юрий Иванов",Тренер: Зинэтула Билялетдинов,Тренер: Харийс Витолиньш,18.0,10.0,24.0,13.0,15.0,16.0,11,3,11,6,9,7,0.0,0.0,3,3,6,9,5,2,6,5,4,4,4,4,9.0,5.0,13.0,10.0,13.0,11.0,2,5,1,2,5,2,2,1,1,1,1,1,http://www.khl.ru/game/309/46146/protocol/
246,07.10.2015,Нефтехимик,Динамо Р,0:0 2:1 1:0,"Главные судьи: Яков Деев, Денис Бондарь","Линейные судьи: Александр Садовников, Александр Захаренков",Тренер: Владимир Крикунов,Тренер: Кари Хейккиля,18.0,15.0,22.0,24.0,17.0,19.0,11,9,14,12,9,11,0.0,0.0,1,5,5,7,1,4,4,2,2,0,3,2,5.0,5.0,14.0,11.0,11.0,8.0,3,2,1,0,2,3,0,1,2,1,1,2,http://www.khl.ru/game/309/46145/protocol/
243,07.10.2015,Салават Юлаев,Слован,3:1 0:1 0:0,"Главные судьи: Роман Гофман, Алексей Раводин","Линейные судьи: Никита Новиков, Роман Шиханов",Тренер: Игорь Захаркин,Тренер: Милош Ржига,30.0,11.0,17.0,25.0,6.0,22.0,19,6,8,12,2,10,0.0,0.0,2,8,8,6,9,2,3,4,6,4,2,7,10.0,10.0,10.0,10.0,13.0,12.0,4,5,1,0,5,4,0,1,2,2,2,2,http://www.khl.ru/game/309/46141/protocol/
244,07.10.2015,Трактор,Йокерит,1:0 4:1 0:2,"Главные судьи: Константин Оленин, Юрий Оскирко","Линейные судьи: Яков Палей, Константин Горденко",Тренер: Андрей Николишин,Тренер: Эркка Вестерлунд,14.0,24.0,13.0,17.0,18.0,14.0,9,12,8,7,8,10,0.0,0.0,7,2,5,0,2,5,9,4,7,6,6,4,7.0,9.0,11.0,13.0,11.0,10.0,4,3,2,0,3,4,0,2,2,3,3,2,http://www.khl.ru/game/309/46142/protocol/
248,07.10.2015,ХК Сочи,Спартак,1:0 1:2 0:4,"Главные судьи: Денис Наумов, Виктор Гашилов","Линейные судьи: Эдуард Метальников, Александр Сироткин",Тренер: Вячеслав Буцаев,Тренер: Герман Титов,16.0,11.0,17.0,17.0,13.0,20.0,5,7,14,10,9,13,0.0,0.0,1,4,3,2,4,2,9,10,4,1,10,3,8.0,5.0,16.0,8.0,8.0,10.0,3,6,1,1,6,3,1,1,5,1,1,5,http://www.khl.ru/game/309/46147/protocol/
242,07.10.2015,Металлург Мг,Медвешчак,0:0 0:1 2:1 1:0,"Главные судьи: Рафаэль Кадыров, Александр Сергеев","Линейные судьи: Александр Отмахов, Станислав Раминг",Тренер: Майк Кинэн,Тренер: Горди Дуайер,29.0,10.0,15.0,19.0,23.0,18.0,19,6,7,9,10,8,1,0,2,5,5,5,5,7,8,4,5,2,2,2,6.0,9.0,12.0,9.0,11.0,12.0,3,4,0,0,4,3,0,0,2,2,2,2,http://www.khl.ru/game/309/46143/protocol/
245,07.10.2015,Лада,Витязь,0:0 1:0 0:0,"Главные судьи: Сергей Гусев, Владислав Киселёв","Линейные судьи: Иван Назаров, Иван Сазонов",Тренер: Артис Аболс,Тренер: Олег Ореховский,14.0,10.0,28.0,17.0,12.0,17.0,10,3,14,6,7,8,0.0,0.0,2,2,7,5,3,3,10,9,15,13,11,11,7.0,9.0,7.0,11.0,5.0,7.0,4,2,0,0,2,4,0,0,1,0,0,1,http://www.khl.ru/game/309/46144/protocol/
241,06.10.2015,Северсталь,ЦСКА,1:1 0:0 1:0,"Главные судьи: Алексей Белов, Антонин Йерабек","Линейные судьи: Дмитрий Парфёнов, Александр Сысуев",Тренер: Вацлав Сикора,Тренер: Дмитрий Квартальнов,11.0,28.0,14.0,18.0,7.0,37.0,7,16,5,14,3,16,0.0,0.0,3,2,2,5,15,3,7,5,6,2,2,6,11.0,5.0,9.0,8.0,8.0,18.0,5,3,1,0,3,5,0,1,2,0,0,2,http://www.khl.ru/game/309/46140/protocol/
237,05.10.2015,Торпедо,Авангард,1:2 0:0 1:0 0:0 1:0,"Главные судьи: Роман Щенёв, Денис Бондарь","Линейные судьи: Александр Садовников, Дмитрий Сивов",Тренер: Петерис Скудра,Тренер: Евгений Корноухов,13.0,18.0,17.0,14.0,12.0,8.0,7,11,8,6,10,4,3,4,3,1,7,3,3,1,2,8,2,6,2,3,10.0,12.0,11.0,5.0,9.0,11.0,4,3,1,0,3,4,0,1,1,1,1,1,http://www.khl.ru/game/309/46134/protocol/
236,05.10.2015,Локомотив,Витязь,1:0 1:1 1:0,"Главные судьи: Алексей Анисимов, Сергей Беляев","Линейные судьи: Торнике Кучава, Дмитрий Голяк",Тренер: Алексей Кудашов,Тренер: Олег Ореховский,27.0,14.0,22.0,11.0,20.0,12.0,19,6,7,4,10,3,0.0,0.0,6,4,4,9,4,4,7,10,2,7,3,2,16.0,5.0,13.0,10.0,11.0,7.0,3,4,1,0,4,3,0,1,2,1,1,2,http://www.khl.ru/game/309/46137/protocol/
240,06.10.2015,Югра,Сибирь,0:0 1:1 0:0 0:0 1:0,"Главные судьи: Алексей Васильев, Юрий Цыплаков","Линейные судьи: Степан Коршак, Александр Чернышёв",Тренер: Павел Езовских,Тренер: Андрей Скабелка,19.0,25.0,10.0,19.0,11.0,20.0,9,13,7,9,4,9,1,4,4,6,3,1,2,3,9,1,4,1,3,3,7.0,11.0,7.0,14.0,6.0,21.0,4,3,1,0,3,4,0,1,0,1,1,0,http://www.khl.ru/game/309/46139/protocol/
234,05.10.2015,Нефтехимик,СКА,0:1 1:0 2:2 0:0 0:1,"Главные судьи: Эдуард Одиньш, Андрей Рогачёв","Линейные судьи: Виктор Томилов, Константин Горденко",Тренер: Владимир Крикунов,Тренер: Андрей Назаров,15.0,21.0,18.0,24.0,19.0,21.0,8,13,13,15,12,18,4,5,5,4,4,5,3,6,5,2,9,4,8,1,15.0,15.0,14.0,13.0,13.0,15.0,4,2,1,0,2,4,0,1,2,3,3,2,http://www.khl.ru/game/309/46133/protocol/
238,05.10.2015,ХК Сочи,Динамо Мск,1:0 1:0 2:3,"Главные судьи: Сергей Кулаков, Константин Оленин","Линейные судьи: Эдуард Метальников, Александр Сироткин",Тренер: Вячеслав Буцаев,Тренер: Харийс Витолиньш,19.0,20.0,18.0,20.0,14.0,30.0,8,11,8,14,5,20,0.0,0.0,4,6,3,3,6,2,9,5,5,0,9,4,10.0,5.0,6.0,14.0,7.0,12.0,3,3,0,0,3,3,0,0,4,3,3,4,http://www.khl.ru/game/309/46136/protocol/
235,05.10.2015,Динамо Мн,Барыс,0:1 5:1 1:0,"Главные судьи: Павел Комаров, Денис Наумов","Линейные судьи: Алексей Майтак, Евгений Пронских",Тренер: Любомир Покович,Тренер: Евгений Корешков,21.0,8.0,29.0,8.0,7.0,20.0,7,4,18,6,5,12,0.0,0.0,2,5,0,2,5,0,3,4,0,1,2,4,13.0,3.0,12.0,11.0,6.0,11.0,7,1,3,0,1,7,0,3,3,2,2,3,http://www.khl.ru/game/309/46135/protocol/
233,05.10.2015,Лада,Динамо Р,0:0 1:1 0:0 0:0 0:1,"Главные судьи: Владимир Букин, Антон Лаврентьев","Линейные судьи: Максим Берсенёв, Евгений Юдин",Тренер: Артис Аболс,Тренер: Кари Хейккиля,16.0,18.0,12.0,14.0,26.0,8.0,7,11,6,7,17,6,1,2,1,6,2,2,1,3,13,12,18,5,9,8,3.0,15.0,6.0,9.0,5.0,7.0,1,2,0,0,2,1,0,0,1,1,1,1,http://www.khl.ru/game/309/46132/protocol/
239,06.10.2015,Автомобилист,Металлург Нк,0:0 1:1 1:0,"Главные судьи: Евгений Гамалей, Артур Кулёв","Линейные судьи: Сергей Мисюрь, Евгений П. Литвинов",Тренер: Андрей Разин,Тренер: Николай Соловьёв,15.0,18.0,29.0,9.0,10.0,17.0,7,8,15,4,5,11,0.0,0.0,5,6,2,7,4,1,6,5,1,3,3,3,7.0,8.0,10.0,6.0,7.0,9.0,4,3,2,0,3,4,0,2,0,1,1,0,http://www.khl.ru/game/309/46138/protocol/
228,04.10.2015,Югра,Металлург Нк,0:0 1:2 1:0 0:0 1:0,"Главные судьи: Алексей Васильев, Юрий Оскирко","Линейные судьи: Степан Коршак, Александр Чернышёв",Тренер: Павел Езовских,Тренер: Николай Соловьёв,22.0,13.0,12.0,23.0,20.0,12.0,9,7,7,12,11,5,0,1,3,5,2,3,4,6,8,3,4,1,3,3,5.0,11.0,6.0,15.0,9.0,9.0,4,0,1,0,0,4,0,1,1,2,2,1,http://www.khl.ru/game/309/46127/protocol/
231,04.10.2015,Медвешчак,Салават Юлаев,1:0 0:1 1:2,"Главные судьи: Виктор Гашилов, Юрий Цыплаков","Линейные судьи: Алексей Медведев, Сергей Шелянин",Тренер: Горди Дуайер,Тренер: Игорь Захаркин,9.0,24.0,6.0,22.0,6.0,22.0,7,11,3,8,4,11,0.0,0.0,7,1,3,2,2,1,5,1,2,3,1,3,11.0,15.0,9.0,9.0,10.0,12.0,5,7,2,1,7,5,1,2,2,0,0,2,http://www.khl.ru/game/309/46130/protocol/
232,05.10.2015,Трактор,Спартак,0:1 1:0 0:0 1:0,"Главные судьи: Михаил Бутурлин, Рафаэль Кадыров","Линейные судьи: Пётр Алёшин, Александр Нестеров",Тренер: Андрей Николишин,Тренер: Герман Титов,20.0,9.0,18.0,12.0,16.0,24.0,10,5,14,4,7,16,3,0,2,4,4,2,5,4,7,8,7,6,5,4,6.0,4.0,5.0,14.0,9.0,5.0,3,1,0,0,1,3,0,0,1,1,1,1,http://www.khl.ru/game/309/46131/protocol/
230,04.10.2015,Слован,Металлург Мг,0:1 0:1 2:3,"Главные судьи: Алексей Белов, Сергей Гусев","Линейные судьи: Александр Захаренков, Иван Сазонов",Тренер: Милош Ржига,Тренер: Майк Кинэн,16.0,21.0,18.0,11.0,26.0,19.0,8,10,10,9,13,13,0.0,0.0,6,3,2,4,4,6,4,8,4,5,4,7,11.0,10.0,12.0,8.0,12.0,11.0,2,4,1,0,4,2,0,1,2,2,2,2,http://www.khl.ru/game/309/46128/protocol/
226,04.10.2015,Адмирал,Амур,1:0 0:0 1:0,"Главные судьи: Владислав Киселёв, Ильдар Сафиуллов","Линейные судьи: Дмитрий Головлёв, Андрей Матюша",Тренер: Александр Андриевский,Тренер: Сергей Шепелев,17.0,22.0,12.0,14.0,19.0,16.0,7,11,7,9,11,8,0.0,0.0,4,5,5,3,4,3,7,6,3,4,4,5,12.0,12.0,9.0,8.0,11.0,5.0,2,2,1,0,2,2,0,1,1,0,0,1,http://www.khl.ru/game/309/46125/protocol/
229,04.10.2015,Йокерит,ЦСКА,0:1 1:0 0:2,"Главные судьи: Алексей Раводин, Роман Гофман","Линейные судьи: Станислав Раминг, Александр Отмахов",Тренер: Эркка Вестерлунд,Тренер: Дмитрий Квартальнов,20.0,11.0,11.0,17.0,19.0,15.0,13,8,8,6,7,8,0.0,0.0,0,1,3,0,0,2,9,4,7,7,7,5,5.0,8.0,13.0,7.0,9.0,7.0,5,1,0,0,1,5,0,0,3,0,0,3,http://www.khl.ru/game/309/46129/protocol/
227,04.10.2015,Автомобилист,Сибирь,2:0 0:1 0:1 0:0 0:1,"Главные судьи: Михаил Бутурлин, Антонин Йерабек","Линейные судьи: Пётр Алёшин, Александр Нестеров",Тренер: Андрей Разин,Тренер: Андрей Скабелка,24.0,14.0,17.0,11.0,19.0,15.0,13,8,10,5,11,10,6,0,4,5,1,5,3,5,3,8,5,4,4,2,8.0,12.0,12.0,8.0,11.0,12.0,4,3,2,0,3,4,0,2,2,0,0,2,http://www.khl.ru/game/309/46126/protocol/
225,03.10.2015,ХК Сочи,Витязь,3:0 1:0 1:0,"Главные судьи: Денис Бондарь, Павел Овчинников","Линейные судьи: Торнике Кучава, Никита Новиков",Тренер: Вячеслав Буцаев,Тренер: Олег Ореховский,22.0,17.0,25.0,15.0,16.0,21.0,13,8,13,11,9,11,0.0,0.0,7,5,4,6,4,2,5,9,2,2,2,3,9.0,8.0,14.0,9.0,6.0,11.0,6,8,2,0,8,6,0,2,3,0,0,3,http://www.khl.ru/game/309/47534/protocol/
222,03.10.2015,Динамо Мн,Авангард,0:2 0:0 4:0,"Главные судьи: Сергей Кулаков, Александр Сергеев","Линейные судьи: Эдуард Метальников, Александр Сироткин",Тренер: Любомир Покович,Тренер: Евгений Корноухов,20.0,12.0,14.0,13.0,17.0,17.0,10,7,6,7,9,11,0.0,0.0,2,4,6,1,4,2,2,3,5,3,3,1,8.0,6.0,7.0,7.0,10.0,16.0,2,2,0,0,2,2,0,0,3,1,1,3,http://www.khl.ru/game/309/46121/protocol/
223,03.10.2015,Локомотив,Динамо Мск,1:1 1:0 0:1 0:0 1:0,"Главные судьи: Вячеслав Буланов, Денис Наумов","Линейные судьи: Константин Горденко, Виктор Томилов",Тренер: Алексей Кудашов,Тренер: Харийс Витолиньш,22.0,9.0,21.0,11.0,21.0,7.0,9,7,10,8,8,3,1,2,1,5,1,5,2,3,6,12,2,2,4,9,13.0,10.0,7.0,13.0,10.0,4.0,2,4,1,1,4,2,1,1,1,1,1,1,http://www.khl.ru/game/309/46123/protocol/
220,03.10.2015,Трактор,СКА,0:0 0:1 1:0 1:0,"Главные судьи: Антти Боман, Антонин Йерабек","Линейные судьи: Сергей Мисюрь, Яков Палей",Тренер: Андрей Николишин,Тренер: Андрей Назаров,24.0,10.0,17.0,12.0,24.0,12.0,9,6,11,7,15,5,4,2,2,5,0,2,4,2,1,2,3,1,2,3,11.0,10.0,10.0,10.0,8.0,11.0,3,5,0,0,5,3,0,0,1,1,1,1,http://www.khl.ru/game/309/46119/protocol/
224,03.10.2015,Торпедо,Барыс,0:0 1:0 1:0,"Главные судьи: Эдуард Одиньш, Владимир Букин","Линейные судьи: Дмитрий Голяк, Иван Назаров",Тренер: Петерис Скудра,Тренер: Евгений Корешков,19.0,13.0,13.0,20.0,14.0,14.0,11,9,8,13,9,10,0.0,0.0,2,4,1,1,2,2,7,7,5,11,2,6,7.0,9.0,10.0,9.0,13.0,6.0,1,4,1,0,4,1,0,1,1,0,0,1,http://www.khl.ru/game/309/46124/protocol/
218,02.10.2015,Слован,Салават Юлаев,1:0 0:3 2:0 0:1,"Главные судьи: Алексей Белов, Сергей Гусев","Линейные судьи: Александр Захаренков, Иван Сазонов",Тренер: Милош Ржига,Тренер: Игорь Захаркин,10.0,14.0,23.0,23.0,26.0,12.0,5,12,15,16,16,7,1,2,5,2,5,8,3,6,5,8,3,4,2,2,6.0,10.0,11.0,8.0,17.0,11.0,4,5,1,1,5,4,1,1,3,2,2,3,http://www.khl.ru/game/309/46117/protocol/
217,01.10.2015,Динамо Р,Спартак,1:1 1:2 1:0 0:0 1:0,"Главные судьи: Денис Бондарь, Вячеслав Буланов","Линейные судьи: Юрий Иванов, Александр Нестеров",Тренер: Кари Хейккиля,Тренер: Герман Титов,22.0,10.0,20.0,16.0,17.0,20.0,12,6,11,11,7,12,1,3,3,6,2,5,4,4,2,6,3,3,1,2,9.0,7.0,14.0,8.0,10.0,10.0,4,5,1,1,5,4,1,1,2,1,1,2,http://www.khl.ru/game/309/46116/protocol/
221,03.10.2015,Нефтехимик,Спартак,0:0 2:0 1:0,"Главные судьи: Роман Щенёв, Павел Комаров","Линейные судьи: Евгений Стрельцов, Алексей Михель",Тренер: Владимир Крикунов,Тренер: Герман Титов,23.0,13.0,20.0,16.0,17.0,24.0,10,5,14,8,7,12,0.0,0.0,3,6,5,2,6,4,18,11,11,9,8,3,10.0,5.0,11.0,7.0,6.0,8.0,4,2,0,0,2,4,0,0,3,0,0,3,http://www.khl.ru/game/309/46120/protocol/
219,02.10.2015,Медвешчак,Металлург Мг,0:0 3:0 1:1,"Главные судьи: Михаил Бутурлин, Юрий Цыплаков","Линейные судьи: Алексей Медведев, Сергей Шелянин",Тренер: Горди Дуайер,Тренер: Майк Кинэн,7.0,21.0,25.0,12.0,9.0,22.0,3,14,19,5,4,15,0.0,0.0,1,2,1,2,1,3,7,2,4,8,2,3,10.0,9.0,16.0,7.0,5.0,8.0,7,5,3,0,5,7,0,3,1,1,1,1,http://www.khl.ru/game/309/46118/protocol/
209,30.09.2015,Медвешчак,Нефтехимик,2:2 0:0 0:0 1:0,"Главные судьи: Алексей Белов, Алексей Васильев","Линейные судьи: Иван Сазонов, Александр Захаренков",Тренер: Горди Дуайер,Тренер: Владимир Крикунов,13.0,12.0,13.0,21.0,16.0,17.0,10,8,5,11,7,9,3,3,1,0,4,2,4,6,7,6,3,5,6,7,12.0,11.0,15.0,11.0,5.0,19.0,5,3,0,0,3,5,0,0,2,2,2,2,http://www.khl.ru/game/309/46108/protocol/
213,01.10.2015,Югра,Динамо Мн,1:0 0:1 0:0 1:0,"Главные судьи: Сергей Беляев, Яков Деев","Линейные судьи: Иван Назаров, Сергей Мисюрь",Тренер: Павел Езовских,Тренер: Любомир Покович,15.0,29.0,8.0,21.0,13.0,11.0,9,9,3,11,8,5,5,0,5,2,3,3,2,2,4,1,5,3,4,0,6.0,14.0,1.0,13.0,3.0,8.0,4,5,1,1,5,4,1,1,1,0,0,1,http://www.khl.ru/game/309/46112/protocol/
210,01.10.2015,Амур,Лада,0:1 2:1 1:0,"Главные судьи: Виктор Гашилов, Александр Соин","Линейные судьи: Дмитрий Голяк, Никита Новиков",Тренер: Сергей Шепелев,Тренер: Артис Аболс,8.0,18.0,19.0,19.0,19.0,12.0,4,8,14,10,9,8,0.0,0.0,7,2,4,3,4,6,3,2,7,2,6,5,9.0,8.0,11.0,6.0,11.0,7.0,4,3,1,0,3,4,0,1,2,2,2,2,http://www.khl.ru/game/309/46109/protocol/
216,01.10.2015,ЦСКА,Барыс,1:2 2:0 0:1 1:0,"Главные судьи: Антонин Йерабек, Алексей Раводин","Линейные судьи: Дмитрий Сивов, Роман Шиханов",Тренер: Дмитрий Квартальнов,Тренер: Евгений Корешков,14.0,19.0,32.0,16.0,19.0,13.0,6,11,15,7,11,8,2,0,5,4,4,9,3,5,11,7,9,6,4,6,11.0,9.0,19.0,10.0,6.0,10.0,5,6,2,2,6,5,2,2,2,1,1,2,http://www.khl.ru/game/309/46115/protocol/
214,01.10.2015,Северсталь,Авангард,2:3 1:0 0:1,"Главные судьи: Евгений Гамалей, Андрей Рогачёв","Линейные судьи: Степан Коршак, Александр Чернышёв",Тренер: Вацлав Сикора,Тренер: Евгений Корноухов,17.0,17.0,14.0,18.0,17.0,17.0,9,10,7,10,8,10,0.0,0.0,4,6,2,4,1,3,3,2,3,5,1,1,12.0,11.0,8.0,10.0,13.0,7.0,4,7,1,1,7,4,1,1,3,2,2,3,http://www.khl.ru/game/309/46113/protocol/
211,01.10.2015,Адмирал,Ак Барс,1:0 0:0 0:0,"Главные судьи: Владислав Киселёв, Эдуард Одиньш","Линейные судьи: Андрей Матюша, Дмитрий Головлёв",Тренер: Александр Андриевский,Тренер: Зинэтула Билялетдинов,20.0,17.0,19.0,16.0,10.0,17.0,13,9,12,6,4,9,0.0,0.0,2,3,3,6,7,1,8,3,6,6,3,2,10.0,8.0,8.0,8.0,10.0,7.0,3,4,0,0,4,3,0,0,1,0,0,1,http://www.khl.ru/game/309/46110/protocol/
215,01.10.2015,Йокерит,СКА,0:1 2:1 1:0,"Главные судьи: Константин Оленин, Алексей Анисимов","Линейные судьи: Глеб Лазарев, Яков Палей",Тренер: Эркка Вестерлунд,Тренер: Андрей Назаров,8.0,10.0,15.0,21.0,21.0,22.0,5,6,8,11,11,11,0.0,0.0,1,2,6,2,3,3,3,3,1,4,2,3,6.0,8.0,10.0,10.0,10.0,8.0,5,2,0,0,2,5,0,0,3,2,2,3,http://www.khl.ru/game/309/46114/protocol/
212,01.10.2015,Автомобилист,Торпедо,1:1 1:1 1:0,"Главные судьи: Антти Боман, Роман Гофман","Линейные судьи: Торнике Кучава, Антон Понамаренко",Тренер: Андрей Разин,Тренер: Артем Чубаров,16.0,16.0,8.0,32.0,18.0,15.0,10,8,6,19,11,7,0.0,0.0,8,2,7,0,5,4,5,6,5,2,3,6,12.0,9.0,9.0,5.0,17.0,6.0,4,4,1,1,4,4,1,1,2,1,1,2,http://www.khl.ru/game/309/46111/protocol/
206,30.09.2015,Витязь,Салават Юлаев,0:0 2:0 1:0,"Главные судьи: Александр Сергеев, Денис Наумов","Линейные судьи: Алексей Медведев, Александр Садовников",Тренер: Олег Ореховский,Тренер: Анатолий Емелин,9.0,25.0,15.0,22.0,11.0,22.0,6,13,6,12,5,13,0.0,0.0,4,1,6,5,6,2,7,8,5,8,6,6,5.0,13.0,11.0,12.0,8.0,7.0,6,4,0,0,4,6,0,0,3,0,0,3,http://www.khl.ru/game/309/46105/protocol/
201,29.09.2015,Сибирь,ХК Сочи,1:0 0:0 1:2 0:0 1:0,"Главные судьи: Эдуард Ибатулин, Александр Соин","Линейные судьи: Максим Берсенёв, Евгений Юдин",Тренер: Андрей Скабелка,Тренер: Вячеслав Буцаев,7.0,29.0,16.0,27.0,12.0,25.0,5,15,12,15,6,15,6,4,5,1,6,1,4,2,2,5,4,5,4,3,9.0,8.0,8.0,9.0,9.0,9.0,4,4,1,0,4,4,0,1,2,1,1,2,http://www.khl.ru/game/309/46100/protocol/
208,30.09.2015,Слован,Трактор,1:1 0:1 0:1,"Главные судьи: Михаил Бутурлин, Сергей Кулаков","Линейные судьи: Эдуард Метальников, Александр Сироткин",Тренер: Милош Ржига,Тренер: Андрей Николишин,18.0,14.0,20.0,9.0,35.0,8.0,10,7,11,6,22,4,0.0,0.0,6,7,0,8,1,3,7,6,4,6,3,7,10.0,8.0,6.0,8.0,7.0,14.0,5,2,1,0,2,5,0,1,2,1,1,2,http://www.khl.ru/game/309/46106/protocol/
204,29.09.2015,СКА,Динамо Р,0:2 1:1 0:1,"Главные судьи: Алексей Анисимов, Сергей Беляев","Линейные судьи: Константин Горденко, Виктор Томилов",Тренер: Андрей Назаров,Тренер: Кари Хейккиля,21.0,11.0,23.0,15.0,18.0,13.0,10,7,13,9,10,7,0.0,0.0,3,6,4,6,3,3,4,3,4,3,7,9,5.0,8.0,17.0,8.0,14.0,2.0,3,4,1,0,4,3,0,1,3,1,1,3,http://www.khl.ru/game/309/46104/protocol/
207,30.09.2015,Динамо Мск,Металлург Мг,1:0 0:1 1:0,"Главные судьи: Сергей Гусев, Антонин Йерабек","Линейные судьи: Константин Горденко, Роман Шиханов",Тренер: Харийс Витолиньш,Тренер: Майк Кинэн,23.0,19.0,11.0,21.0,21.0,14.0,15,7,2,17,7,7,0.0,0.0,4,4,2,4,6,8,7,11,12,9,6,7,11.0,8.0,12.0,10.0,10.0,14.0,4,4,0,0,4,4,0,0,2,1,1,2,http://www.khl.ru/game/309/46107/protocol/
205,29.09.2015,ЦСКА,Авангард,0:0 1:0 1:0,"Главные судьи: Антти Боман, Александр Сергеев","Линейные судьи: Сергей Шелянин, Роман Шиханов",Тренер: Дмитрий Квартальнов,Тренер: Евгений Корноухов,25.0,7.0,19.0,18.0,17.0,10.0,7,4,9,6,9,3,0.0,0.0,2,8,6,5,5,2,8,14,10,11,7,9,9.0,5.0,9.0,8.0,6.0,8.0,3,2,1,0,2,3,0,1,1,0,0,1,http://www.khl.ru/game/309/46103/protocol/
202,29.09.2015,Югра,Торпедо,1:0 1:1 1:1,"Главные судьи: Яков Деев, Андрей Рогачёв","Линейные судьи: Иван Назаров, Сергей Мисюрь",Тренер: Павел Езовских,Тренер: Петерис Скудра,17.0,11.0,7.0,14.0,12.0,31.0,11,5,3,7,4,19,0.0,0.0,2,3,2,3,5,4,8,3,3,1,2,2,6.0,8.0,7.0,4.0,8.0,17.0,4,2,0,0,2,4,0,0,3,2,2,3,http://www.khl.ru/game/309/46101/protocol/
203,29.09.2015,Северсталь,Барыс,0:2 3:1 1:1 1:0,"Главные судьи: Сергей Гусев, Рафаэль Кадыров","Линейные судьи: Алексей Михель, Евгений Стрельцов",Тренер: Вацлав Сикора,Тренер: Евгений Корешков,26.0,13.0,26.0,18.0,22.0,21.0,13,5,14,9,12,11,4,1,3,7,7,8,7,4,1,1,4,1,2,3,7.0,10.0,11.0,12.0,11.0,13.0,2,2,2,1,2,2,1,2,4,2,2,4,http://www.khl.ru/game/309/46102/protocol/
195,28.09.2015,Слован,Нефтехимик,0:0 0:1 0:2,"Главные судьи: Сергей Кулаков, Юрий Цыплаков","Линейные судьи: Эдуард Метальников, Александр Сироткин",Тренер: Милош Ржига,Тренер: Владимир Крикунов,12.0,19.0,23.0,16.0,25.0,17.0,6,13,16,10,11,10,0.0,0.0,5,3,4,4,2,8,4,5,5,5,6,6,4.0,4.0,9.0,13.0,6.0,13.0,3,4,2,0,4,3,0,2,1,0,0,1,http://www.khl.ru/game/309/46093/protocol/
197,29.09.2015,Амур,Ак Барс,0:0 0:0 0:0 0:0 1:0,"Главные судьи: Владимир Букин, Виктор Гашилов","Линейные судьи: Дмитрий Голяк, Никита Новиков",Тренер: Сергей Шепелев,Тренер: Зинэтула Билялетдинов,14.0,10.0,12.0,16.0,19.0,12.0,9,5,4,10,9,5,1,2,1,3,3,3,4,4,9,7,8,1,6,3,4.0,5.0,8.0,8.0,7.0,8.0,1,3,0,0,3,1,0,0,0,0,0,0,http://www.khl.ru/game/309/46096/protocol/
193,28.09.2015,Витязь,Металлург Мг,2:3 0:3 0:1,"Главные судьи: Антти Боман, Вячеслав Буланов","Линейные судьи: Торнике Кучава, Дмитрий Сивов",Тренер: Олег Ореховский,Тренер: Майк Кинэн,18.0,19.0,12,9,11,15,10,15,7,16,9,11,0.0,0.0,3,6,4,2,4,0,6,4,7,12,6,3,6.0,12.0,8,7,6,10,4,5,1,1,5,4,1,1,5,1,1,5,http://www.khl.ru/game/309/46092/protocol/
196,28.09.2015,Медвешчак,Трактор,0:0 1:0 1:1,"Главные судьи: Алексей Васильев, Евгений Гамалей","Линейные судьи: Александр Захаренков, Иван Сазонов",Тренер: Горди Дуайер,Тренер: Андрей Николишин,18.0,15.0,7.0,26.0,16.0,13.0,8,8,5,10,13,6,0.0,0.0,4,2,8,1,5,1,4,7,5,7,1,5,8.0,6.0,11.0,6.0,9.0,9.0,5,6,1,0,6,5,0,1,1,0,0,1,http://www.khl.ru/game/309/46095/protocol/
200,29.09.2015,Автомобилист,Динамо Мн,1:1 0:0 0:3,"Главные судьи: Владислав Киселёв, Юрий Оскирко","Линейные судьи: Дмитрий Парфёнов, Александр Сысуев",Тренер: Андрей Разин,Тренер: Любомир Покович,11.0,10.0,17.0,7.0,12.0,13.0,8,8,8,5,5,11,0.0,0.0,1,1,1,3,3,1,6,5,1,2,6,6,7.0,10.0,8.0,6.0,15.0,10.0,5,3,1,0,3,5,0,1,2,1,1,2,http://www.khl.ru/game/309/46099/protocol/
194,28.09.2015,Динамо Мск,Салават Юлаев,2:0 1:0 3:3,"Главные судьи: Мартин Франё, Роман Гофман","Линейные судьи: Глеб Лазарев, Яков Палей",Тренер: Харийс Витолиньш,Тренер: Анатолий Емелин,17.0,15.0,17.0,22.0,16.0,24.0,7,7,13,10,10,15,0.0,0.0,4,7,8,1,5,1,4,3,6,7,2,7,13.0,6.0,15.0,10.0,16.0,13.0,4,5,2,2,5,4,2,2,4,1,1,4,http://www.khl.ru/game/309/46094/protocol/
198,29.09.2015,Адмирал,Лада,0:0 1:0 0:0,"Главные судьи: Эдуард Одиньш, Алексей Раводин","Линейные судьи: Дмитрий Головлёв, Андрей Матюша",Тренер: Александр Андриевский,Тренер: Артис Аболс,16.0,16.0,28.0,10.0,25.0,6.0,9,7,14,5,17,3,0.0,0.0,3,4,1,5,1,0,3,4,3,4,6,4,7.0,8.0,12.0,12.0,12.0,7.0,4,1,1,0,1,4,0,1,0,0,0,0,http://www.khl.ru/game/309/46097/protocol/
199,29.09.2015,Металлург Нк,Локомотив,1:1 0:3 0:0,"Главные судьи: Денис Бондарь, Роман Щенёв","Линейные судьи: Александр Отмахов, Станислав Раминг",Тренер: Николай Соловьёв,Тренер: Алексей Кудашов,14.0,17.0,22.0,23.0,27.0,6.0,8,12,11,12,13,3,0.0,0.0,6,3,3,5,3,4,7,12,9,6,4,8,8.0,12.0,11.0,5.0,7.0,9.0,4,2,1,0,2,4,0,1,4,0,0,4,http://www.khl.ru/game/309/46098/protocol/
186,27.09.2015,Амур,ХК Сочи,0:0 1:0 0:0,"Главные судьи: Владимир Букин, Алексей Раводин","Линейные судьи: Алексей Майтак, Евгений Пронских",Тренер: Сергей Шепелев,Тренер: Вячеслав Буцаев,15.0,12.0,12.0,14.0,14.0,19.0,10,7,7,8,9,6,0.0,0.0,1,2,4,1,9,4,2,8,5,4,9,4,5.0,8.0,11.0,9.0,6.0,12.0,9,3,1,0,3,9,0,1,0,0,0,0,http://www.khl.ru/game/309/46085/protocol/
189,27.09.2015,Сибирь,Лада,0:1 1:1 3:2 0:0 1:0,"Главные судьи: Яков Деев, Ильдар Сафиуллов","Линейные судьи: Александр Отмахов, Станислав Раминг",Тренер: Андрей Скабелка,Тренер: Артис Аболс,16.0,19.0,21.0,20.0,29.0,8.0,7,12,11,13,16,6,1,0,3,5,1,3,1,4,5,0,7,2,0,3,11.0,9.0,15.0,7.0,8.0,16.0,4,4,1,0,4,4,0,1,3,4,4,3,http://www.khl.ru/game/309/46088/protocol/
187,27.09.2015,Адмирал,Локомотив,0:2 0:1 0:0,"Главные судьи: Виктор Гашилов, Павел Комаров","Линейные судьи: Алексей Михель, Евгений Стрельцов",Тренер: Александр Андриевский,Тренер: Алексей Кудашов,17.0,18.0,10.0,16.0,8.0,9.0,10,11,4,11,4,3,0.0,0.0,3,3,2,1,2,0,4,6,6,1,3,5,9.0,2.0,11.0,9.0,15.0,7.0,4,3,1,0,3,4,0,1,2,0,0,2,http://www.khl.ru/game/309/46086/protocol/
192,27.09.2015,ЦСКА,Йокерит,1:0 2:0 2:2,"Главные судьи: Мартин Франё, Алексей Анисимов","Линейные судьи: Глеб Лазарев, Александр Сысуев",Тренер: Дмитрий Квартальнов,Тренер: Эркка Вестерлунд,23.0,21.0,20.0,14.0,15.0,18.0,13,12,10,6,9,10,0.0,0.0,5,6,7,3,4,2,14,8,19,10,15,13,11.0,13.0,13.0,4.0,11.0,8.0,3,2,0,0,2,3,0,0,4,1,1,4,http://www.khl.ru/game/309/46090/protocol/
188,27.09.2015,Металлург Нк,Ак Барс,2:1 1:2 0:0 0:0 0:1,"Главные судьи: Александр Соин, Роман Щенёв","Линейные судьи: Дмитрий Головлёв, Андрей Матюша",Тренер: Николай Соловьёв,Тренер: Зинэтула Билялетдинов,10.0,18.0,21.0,23.0,18.0,12.0,5,10,10,14,9,7,1,0,3,6,3,3,2,5,8,10,8,7,6,11,6.0,9.0,10.0,12.0,7.0,6.0,2,2,0,0,2,2,0,0,3,2,2,3,http://www.khl.ru/game/309/46087/protocol/
191,27.09.2015,Спартак,Динамо Р,2:1 0:0 1:1,"Главные судьи: Антти Боман, Константин Оленин","Линейные судьи: Степан Коршак, Александр Чернышёв",Тренер: Герман Титов,Тренер: Кари Хейккиля,17.0,8.0,12.0,20.0,22.0,22.0,12,6,6,10,7,12,0.0,0.0,1,2,3,5,5,5,12,7,17,5,8,6,12.0,12.0,8.0,9.0,11.0,6.0,4,5,2,1,5,4,1,2,1,1,1,1,http://www.khl.ru/game/309/46091/protocol/
190,27.09.2015,Северсталь,Югра,1:0 1:0 1:0,"Главные судьи: Антон Лаврентьев, Денис Наумов","Линейные судьи: Юрий Иванов, Александр Нестеров",Тренер: Вацлав Сикора,Тренер: Павел Езовских,25.0,9.0,28.0,9.0,19.0,13.0,13,5,9,6,11,8,0.0,0.0,3,4,1,9,4,4,6,6,4,7,5,2,10.0,8.0,17.0,5.0,9.0,10.0,1,2,0,0,2,1,0,0,3,0,0,3,http://www.khl.ru/game/309/46089/protocol/
185,26.09.2015,Динамо Мск,Нефтехимик,1:0 1:0 1:0,"Главные судьи: Рафаэль Кадыров, Владислав Киселёв","Линейные судьи: Дмитрий Парфёнов, Александр Сысуев",Тренер: Харийс Витолиньш,Тренер: Владимир Крикунов,26.0,13.0,14.0,20.0,22.0,15.0,11,4,5,10,11,7,0.0,0.0,1,6,8,5,6,6,4,4,9,8,3,6,11.0,9.0,12.0,12.0,10.0,12.0,4,3,0,0,3,4,0,0,3,0,0,3,http://www.khl.ru/game/309/46084/protocol/
183,25.09.2015,Динамо Р,Слован,0:1 1:0 0:0 0:0 0:1,"Главные судьи: Денис Наумов, Александр Сергеев","Линейные судьи: Дмитрий Парфёнов, Александр Сысуев",Тренер: Кари Хейккиля,Тренер: Милош Ржига,13.0,26.0,21.0,31.0,15.0,21.0,10,14,14,12,7,9,2,2,6,1,10,2,5,4,5,4,4,4,6,2,11.0,6.0,12.0,9.0,10.0,6.0,4,7,1,1,7,4,1,1,0,0,0,0,http://www.khl.ru/game/309/46082/protocol/
180,25.09.2015,СКА,Йокерит,0:0 5:2 1:1,"Главные судьи: Юрий Оскирко, Антти Боман","Линейные судьи: Роман Шиханов, Александр Садовников",Тренер: Андрей Назаров,Тренер: Эркка Вестерлунд,16.0,19.0,30.0,14.0,13.0,16.0,8,13,17,7,11,8,0.0,0.0,3,4,6,4,4,3,4,1,6,4,3,4,10.0,6.0,13.0,8.0,10.0,8.0,3,2,1,0,2,3,0,1,5,3,3,5,http://www.khl.ru/game/309/46080/protocol/
177,25.09.2015,Авангард,Барыс,1:1 1:2 0:1,"Главные судьи: Роман Гофман, Сергей Гусев","Линейные судьи: Степан Коршак, Александр Чернышёв",Тренер: Евгений Корноухов,Тренер: Евгений Корешков,19.0,11.0,17.0,11.0,23.0,12.0,9,5,7,8,12,10,0.0,0.0,4,7,1,6,0,4,4,4,5,3,3,1,4.0,16.0,10.0,15.0,11.0,8.0,3,4,0,0,4,3,0,0,4,1,1,4,http://www.khl.ru/game/309/46077/protocol/
184,26.09.2015,Витязь,Трактор,1:1 0:2 0:1,"Главные судьи: Алексей Белов, Константин Оленин","Линейные судьи: Алексей Медведев, Сергей Шелянин",Тренер: Олег Ореховский,Тренер: Андрей Николишин,17.0,19.0,10.0,30.0,18.0,12.0,8,14,5,15,10,6,0.0,0.0,3,4,8,4,2,4,5,3,5,8,3,4,4.0,14.0,11.0,11.0,9.0,7.0,4,2,2,0,2,4,0,2,2,1,1,2,http://www.khl.ru/game/309/46083/protocol/
178,25.09.2015,Сибирь,Ак Барс,0:2 2:1 2:1 1:0,"Главные судьи: Вячеслав Буланов, Алексей Раводин","Линейные судьи: Иван Назаров, Никита Новиков",Тренер: Андрей Скабелка,Тренер: Зинэтула Билялетдинов,18.0,11.0,18.0,23.0,19.0,18.0,11,6,11,12,10,11,2,3,2,1,6,4,2,5,2,5,4,2,4,5,13.0,8.0,7.0,10.0,8.0,15.0,2,4,1,0,4,2,0,1,2,4,4,2,http://www.khl.ru/game/309/46076/protocol/
182,25.09.2015,Торпедо,Югра,4:0 1:0 1:0,"Главные судьи: Михаил Бутурлин, Алексей Васильев","Линейные судьи: Пётр Алёшин, Юрий Иванов",Тренер: Петерис Скудра,Тренер: Павел Езовских,21.0,6.0,19.0,4.0,23.0,6.0,16,3,12,4,15,5,0.0,0.0,3,5,1,2,1,4,4,8,5,12,1,7,10.0,12.0,9.0,12.0,17.0,7.0,5,7,1,0,7,5,0,1,5,0,0,5,http://www.khl.ru/game/309/46081/protocol/
179,25.09.2015,Динамо Мн,Автомобилист,1:0 4:1 0:0,"Главные судьи: Алексей Анисимов, Андрей Рогачёв","Линейные судьи: Дмитрий Головлёв, Торнике Кучава",Тренер: Любомир Покович,Тренер: Андрей Разин,11.0,15.0,21.0,14.0,14.0,17.0,7,9,14,7,9,13,0.0,0.0,2,3,4,3,1,2,7,2,4,3,5,5,15.0,8.0,16.0,11.0,12.0,7.0,3,7,1,1,7,3,1,1,4,0,0,4,http://www.khl.ru/game/309/46078/protocol/
181,25.09.2015,Спартак,Медвешчак,0:1 1:1 0:0,"Главные судьи: Александр Соин, Максим Сидоренко","Линейные судьи: Дмитрий Сивов, Александр Отмахов",Тренер: Герман Титов,Тренер: Горди Дуайер,15.0,15.0,15.0,11.0,16.0,7.0,9,6,9,7,8,3,0.0,0.0,3,2,3,1,1,7,6,6,10,7,12,10,6.0,11.0,10.0,11.0,4.0,4.0,5,5,1,1,5,5,1,1,1,0,0,1,http://www.khl.ru/game/309/46079/protocol/
174,25.09.2015,Амур,Локомотив,0:0 0:0 0:1,"Главные судьи: Яков Деев, Ильдар Сафиуллов","Линейные судьи: Алексей Майтак, Евгений Пронских",Тренер: Сергей Шепелев,Тренер: Алексей Кудашов,19.0,14.0,9.0,13.0,11.0,15.0,13,11,3,7,5,8,0.0,0.0,3,2,4,3,4,4,3,9,5,10,2,4,9.0,3.0,4.0,3.0,3.0,6.0,0,2,0,0,2,0,0,0,1,0,0,1,http://www.khl.ru/game/309/46073/protocol/
170,23.09.2015,ЦСКА,СКА,0:1 0:1 1:0,"Главные судьи: Антти Боман, Антонин Йерабек","Линейные судьи: Дмитрий Сивов, Роман Шиханов",Тренер: Дмитрий Квартальнов,Тренер: Андрей Назаров,13.0,23.0,32.0,10.0,21.0,8.0,6,8,13,5,13,0,0.0,0.0,9,3,5,12,4,5,9,15,5,4,8,10,8.0,14.0,11.0,9.0,8.0,15.0,5,8,0,0,8,5,0,0,2,1,1,2,http://www.khl.ru/game/309/46068/protocol/
172,24.09.2015,Витязь,Нефтехимик,0:0 0:0 1:0,"Главные судьи: Антонин Йерабек, Александр Соин","Линейные судьи: Дмитрий Голяк, Никита Шалагин",Тренер: Олег Ореховский,Тренер: Владимир Крикунов,11.0,23.0,19.0,22.0,21.0,22.0,6,11,11,12,12,14,0.0,0.0,10,2,7,4,4,2,4,5,4,2,6,5,6.0,9.0,10.0,11.0,15.0,10.0,3,3,0,0,3,3,0,0,1,0,0,1,http://www.khl.ru/game/309/46071/protocol/
171,23.09.2015,Динамо Р,Медвешчак,1:0 0:2 0:0,"Главные судьи: Роман Гофман, Александр Сергеев","Линейные судьи: Дмитрий Парфёнов, Александр Сысуев",Тренер: Кари Хейккиля,Тренер: Горди Дуайер,15.0,20.0,17.0,21.0,17.0,11.0,5,6,11,14,13,7,0.0,0.0,9,5,3,2,2,3,5,4,4,1,5,2,7.0,14.0,10.0,8.0,9.0,11.0,3,6,2,0,6,3,0,2,0,1,1,0,http://www.khl.ru/game/309/46070/protocol/
169,23.09.2015,Торпедо,Автомобилист,1:0 1:1 0:3,"Главные судьи: Сергей Кулаков, Роман Щенёв","Линейные судьи: Глеб Лазарев, Сергей Шелянин",Тренер: Петерис Скудра,Тренер: Андрей Разин,15.0,12.0,18.0,11.0,13.0,20.0,9,4,11,6,5,10,0.0,0.0,4,6,2,5,8,5,4,5,3,9,3,2,9.0,5.0,14.0,8.0,13.0,13.0,6,5,2,1,5,6,1,2,1,1,1,1,http://www.khl.ru/game/309/46069/protocol/
176,25.09.2015,Металлург Нк,Лада,0:0 1:0 1:0,"Главные судьи: Евгений Гамалей, Владимир Букин","Линейные судьи: Александр Захаренков, Иван Сазонов",Тренер: Николай Соловьёв,Тренер: Артис Аболс,20.0,16.0,32.0,12.0,22.0,19.0,14,7,13,6,17,8,0.0,0.0,3,4,3,5,5,4,4,11,4,4,3,7,5.0,10.0,10.0,8.0,14.0,5.0,3,5,0,0,5,3,0,0,2,0,0,2,http://www.khl.ru/game/309/46075/protocol/
175,25.09.2015,Адмирал,ХК Сочи,0:0 0:0 0:2,"Главные судьи: Сергей Беляев, Павел Комаров","Линейные судьи: Алексей Михель, Евгений Стрельцов",Тренер: Александр Андриевский,Тренер: Вячеслав Буцаев,12.0,28.0,23.0,11.0,19.0,17.0,4,14,11,4,14,14,0.0,0.0,7,3,4,6,0,3,3,8,4,3,6,1,8.0,12.0,15.0,5.0,16.0,10.0,2,5,0,0,5,2,0,0,2,0,0,2,http://www.khl.ru/game/309/46074/protocol/
173,24.09.2015,Динамо Мск,Трактор,1:0 1:1 1:0,"Главные судьи: Виктор Гашилов, Константин Оленин","Линейные судьи: Глеб Лазарев, Дмитрий Сивов",Тренер: Харийс Витолиньш,Тренер: Андрей Николишин,24.0,9.0,10.0,25.0,17.0,13.0,6,1,5,16,6,9,0.0,0.0,5,8,7,2,3,8,4,3,5,3,3,1,10.0,4.0,12.0,9.0,17.0,6.0,6,4,1,0,4,6,0,1,3,0,0,3,http://www.khl.ru/game/309/46072/protocol/
166,23.09.2015,Сибирь,Локомотив,0:0 1:0 0:0,"Главные судьи: Денис Бондарь, Юрий Цыплаков","Линейные судьи: Евгений Пронских, Алексей Майтак",Тренер: Андрей Скабелка,Тренер: Алексей Кудашов,13.0,17.0,19.0,21.0,17.0,25.0,7,12,16,13,10,11,0.0,0.0,3,4,4,0,6,1,4,9,0,2,2,3,5.0,15.0,9.0,7.0,11.0,7.0,4,4,0,0,4,4,0,0,1,0,0,1,http://www.khl.ru/game/309/46065/protocol/
164,22.09.2015,Спартак,Северсталь,0:0 1:1 1:0,"Главные судьи: Владислав Киселёв, Артур Кулёв","Линейные судьи: Торнике Кучава, Алексей Медведев",Тренер: Герман Титов,Тренер: Вацлав Сикора,17.0,10.0,13.0,21.0,10.0,15.0,9,7,8,11,7,6,0.0,0.0,1,3,3,1,5,1,2,6,6,4,6,4,5.0,8.0,10.0,16.0,7.0,11.0,2,2,0,0,2,2,0,0,2,1,1,2,http://www.khl.ru/game/309/46063/protocol/
161,22.09.2015,Барыс,Авангард,0:1 1:2 0:1,"Главные судьи: Алексей Анисимов, Вячеслав Буланов","Линейные судьи: Александр Захаренков, Роман Шиханов",Тренер: Ерлан Сагымбаев,Тренер: Евгений Корноухов,7.0,25.0,21.0,20.0,18.0,9.0,3,14,13,13,12,6,0.0,0.0,2,1,2,6,0,5,5,4,3,2,2,4,7.0,4.0,14.0,7.0,16.0,4.0,4,2,1,0,2,4,0,1,3,0,0,3,http://www.khl.ru/game/309/46062/protocol/
165,23.09.2015,Металлург Нк,ХК Сочи,0:1 1:2 2:0 0:0 0:1,"Главные судьи: Рафаэль Кадыров, Алексей Раводин","Линейные судьи: Иван Назаров, Никита Новиков",Тренер: Николай Соловьёв,Тренер: Вячеслав Буцаев,22.0,14.0,17.0,37.0,25.0,21.0,12,9,11,20,14,11,1,7,2,1,4,1,6,5,6,16,7,6,8,9,14.0,6.0,10.0,13.0,11.0,11.0,6,4,2,1,4,6,1,2,1,1,1,1,http://www.khl.ru/game/309/46064/protocol/
163,22.09.2015,Салават Юлаев,Амур,1:1 0:1 0:2,"Главные судьи: Алексей Белов, Павел Комаров","Линейные судьи: Дмитрий Голяк, Андрей Томилов",Тренер: Анатолий Емелин,Тренер: Сергей Шепелев,15.0,12.0,22.0,8.0,26.0,5.0,7,4,13,6,12,3,0.0,0.0,4,6,1,5,2,7,4,3,0,3,3,3,9.0,7.0,13.0,10.0,16.0,8.0,2,6,0,0,6,2,0,0,4,1,1,4,http://www.khl.ru/game/309/46061/protocol/
168,23.09.2015,Йокерит,Слован,2:0 0:0 2:1,"Главные судьи: Яков Деев, Алексей Васильев","Линейные судьи: Станислав Раминг, Юрий Иванов",Тренер: Эркка Вестерлунд,Тренер: Милош Ржига,21.0,10.0,8.0,21.0,8.0,24.0,13,7,4,11,5,10,0.0,0.0,0,1,1,3,10,1,4,3,4,4,5,1,8.0,9.0,11.0,4.0,17.0,5.0,2,2,1,1,2,2,1,1,3,0,0,3,http://www.khl.ru/game/309/46067/protocol/
162,22.09.2015,Металлург Мг,Адмирал,0:0 0:1 0:1,"Главные судьи: Виктор Гашилов, Константин Оленин","Линейные судьи: Пётр Алёшин, Александр Нестеров",Тренер: Майк Кинэн,Тренер: Александр Андриевский,14.0,15.0,29.0,13.0,21.0,15.0,11,9,11,15,10,13,0.0,0.0,1,5,3,5,1,5,13,9,4,10,11,8,15.0,8.0,9.0,12.0,10.0,9.0,4,7,0,0,7,4,0,0,2,0,0,2,http://www.khl.ru/game/309/46060/protocol/
167,23.09.2015,Динамо Мн,Югра,0:0 0:2 0:1,"Главные судьи: Михаил Бутурлин, Павел Овчинников","Линейные судьи: Никита Шалагин, Дмитрий Шишло",Тренер: Любомир Покович,Тренер: Павел Езовских,15.0,12.0,16.0,13.0,22.0,5.0,8,10,14,7,14,4,0.0,0.0,0,2,3,0,0,1,4,2,4,3,0,3,15.0,5.0,11.0,8.0,14.0,8.0,2,4,1,0,4,2,0,1,2,0,0,2,http://www.khl.ru/game/309/46066/protocol/
155,20.09.2015,Ак Барс,Северсталь,1:0 0:1 2:0,"Главные судьи: Павел Комаров, Юрий Цыплаков","Линейные судьи: Александр Отмахов, Станислав Раминг",Тренер: Зинэтула Билялетдинов,Тренер: Вацлав Сикора,20.0,12.0,20.0,12.0,13.0,22.0,9,5,11,9,9,13,0.0,0.0,3,4,2,4,5,1,2,6,1,0,2,2,11.0,9.0,16.0,8.0,6.0,10.0,5,3,1,0,3,5,0,1,2,1,1,2,http://www.khl.ru/game/309/46055/protocol/
154,20.09.2015,Нефтехимик,Адмирал,1:1 0:2 1:0,"Главные судьи: Вячеслав Буланов, Денис Бондарь","Линейные судьи: Роман Шиханов, Дмитрий Головлёв",Тренер: Владимир Крикунов,Тренер: Александр Андриевский,17.0,16.0,26.0,15.0,22.0,14.0,8,11,17,14,14,10,0.0,0.0,1,5,0,3,1,4,7,4,3,5,9,2,18.0,5.0,12.0,13.0,13.0,10.0,4,4,0,0,4,4,0,0,3,2,2,3,http://www.khl.ru/game/309/46053/protocol/
159,21.09.2015,Слован,Динамо Р,0:0 0:1 2:1 1:0,"Главные судьи: Сергей Беляев, Михаил Бутурлин","Линейные судьи: Константин Горденко, Виктор Томилов",Тренер: Милош Ржига,Тренер: Кари Хейккиля,16.0,19.0,22.0,19.0,12.0,12.0,10,7,10,11,10,6,3,2,1,5,3,5,3,2,7,4,5,4,5,2,8.0,12.0,8.0,5.0,7.0,12.0,1,2,0,0,2,1,0,0,2,2,2,2,http://www.khl.ru/game/309/46058/protocol/
156,20.09.2015,Локомотив,Торпедо,1:1 0:0 2:0,"Главные судьи: Антти Боман, Константин Оленин","Линейные судьи: Алексей Михель, Сергей Шелянин",Тренер: Алексей Кудашов,Тренер: Петерис Скудра,19.0,15.0,18.0,17.0,14.0,13.0,6,5,8,13,6,6,0.0,0.0,5,6,1,6,5,3,8,9,3,5,2,2,5.0,14.0,9.0,10.0,12.0,7.0,3,1,1,0,1,3,0,1,2,1,1,2,http://www.khl.ru/game/309/46054/protocol/
158,21.09.2015,Динамо Мск,СКА,0:1 2:1 1:0,"Главные судьи: Антонин Йерабек, Алексей Раводин","Линейные судьи: Эдуард Метальников, Александр Сироткин",Тренер: Харийс Витолиньш,Тренер: Андрей Назаров,25.0,14.0,30.0,8.0,21.0,13.0,8,8,20,4,8,4,0.0,0.0,4,12,0,6,5,8,8,3,2,6,2,0,7.0,10.0,8.0,10.0,11.0,6.0,2,4,1,2,4,2,2,1,1,1,1,1,http://www.khl.ru/game/309/46057/protocol/
160,21.09.2015,Медвешчак,Витязь,1:0 0:0 2:1,"Главные судьи: Роман Гофман, Эдуард Одиньш","Линейные судьи: Александр Садовников, Глеб Лазарев",Тренер: Горди Дуайер,Тренер: Олег Ореховский,20.0,7.0,19.0,15.0,22.0,9.0,15,5,11,6,18,7,0.0,0.0,0,1,4,6,1,2,8,3,3,4,3,3,10.0,4.0,8.0,17.0,10.0,4.0,1,3,0,0,3,1,0,0,3,1,1,3,http://www.khl.ru/game/309/46059/protocol/
157,20.09.2015,ХК Сочи,Динамо Мн,1:0 1:1 2:0,"Главные судьи: Антон Лаврентьев, Роман Щенёв","Линейные судьи: Дмитрий Шишло, Никита Шалагин",Тренер: Вячеслав Буцаев,Тренер: Любомир Покович,12.0,22.0,25.0,23.0,13.0,21.0,7,13,16,13,8,16,0.0,0.0,8,1,3,7,2,4,5,4,4,2,2,1,4.0,11.0,9.0,8.0,7.0,12.0,5,2,1,0,2,5,0,1,4,0,0,4,http://www.khl.ru/game/309/46056/protocol/
153,20.09.2015,Лада,ЦСКА,1:2 1:1 0:1,"Главные судьи: Алексей Белов, Владислав Киселёв","Линейные судьи: Дмитрий Голяк, Иван Дедюля",Тренер: Артис Аболс,Тренер: Дмитрий Квартальнов,14.0,23.0,9.0,28.0,15.0,13.0,9,9,4,13,9,10,0.0,0.0,4,1,3,1,1,3,16,16,13,14,11,13,5.0,13.0,11.0,11.0,12.0,13.0,2,3,1,1,3,2,1,1,3,1,1,3,http://www.khl.ru/game/309/46052/protocol/
147,19.09.2015,Медвешчак,СКА,1:1 2:1 0:2,"Главные судьи: Алексей Анисимов, Роман Гофман","Линейные судьи: Глеб Лазарев, Александр Садовников",Тренер: Горди Дуайер,Тренер: Андрей Назаров,9.0,14.0,23.0,15.0,14.0,15.0,6,5,11,10,7,6,0.0,0.0,5,2,2,2,5,2,3,1,1,1,2,1,7.0,11.0,9.0,11.0,11.0,2.0,4,4,1,0,4,4,0,1,3,3,3,3,http://www.khl.ru/game/309/46046/protocol/
146,19.09.2015,Слован,Спартак,0:1 0:0 2:4,"Главные судьи: Сергей Беляев, Эдуард Одиньш","Линейные судьи: Константин Горденко, Виктор Томилов",Тренер: Милош Ржига,Тренер: Герман Титов,16.0,13.0,21.0,16.0,21.0,15.0,10,5,11,12,11,13,0.0,0.0,2,5,3,3,1,6,5,3,3,4,3,3,11.0,10.0,6.0,9.0,16.0,12.0,4,4,0,0,4,4,0,0,5,2,2,5,http://www.khl.ru/game/309/46044/protocol/
150,20.09.2015,Салават Юлаев,Сибирь,0:1 2:0 0:0,"Главные судьи: Сергей Гусев, Юрий Оскирко","Линейные судьи: Пётр Алёшин, Александр Нестеров",Тренер: Анатолий Емелин,Тренер: Андрей Скабелка,17.0,10.0,25.0,10.0,14.0,20.0,9,5,13,5,8,10,0.0,0.0,3,7,5,5,3,3,3,5,7,2,5,4,8.0,6.0,4.0,10.0,12.0,7.0,3,3,1,0,3,3,0,1,2,0,0,2,http://www.khl.ru/game/309/46049/protocol/
145,19.09.2015,Йокерит,Витязь,1:0 0:1 0:0 0:0 0:1,"Главные судьи: Виктор Гашилов, Антонин Йерабек","Линейные судьи: Александр Сироткин, Эдуард Метальников",Тренер: Эркка Вестерлунд,Тренер: Олег Ореховский,20.0,10.0,33.0,12.0,29.0,6.0,14,6,17,8,13,4,3,2,2,3,3,5,0,3,4,2,1,6,6,5,17.0,3.0,12.0,11.0,11.0,9.0,4,5,1,1,5,4,1,1,0,0,0,0,http://www.khl.ru/game/309/46045/protocol/
148,20.09.2015,Автомобилист,Барыс,0:1 1:0 0:0 0:0 1:0,"Главные судьи: Ильдар Сафиуллов, Александр Сергеев","Линейные судьи: Сергей Мисюрь, Яков Палей",Тренер: Андрей Разин,Тренер: Ерлан Сагымбаев,20.0,13.0,27.0,11.0,12.0,19.0,8,6,18,5,5,9,4,2,3,2,3,3,4,2,6,7,3,5,4,1,8.0,11.0,14.0,12.0,7.0,15.0,4,4,0,0,4,4,0,0,1,1,1,1,http://www.khl.ru/game/309/46050/protocol/
149,20.09.2015,Металлург Мг,Металлург Нк,1:1 3:1 1:0,"Главные судьи: Александр Соин, Андрей Рогачёв","Линейные судьи: Александр Сысуев, Дмитрий Парфёнов",Тренер: Майк Кинэн,Тренер: Николай Соловьёв,20.0,18.0,29.0,19.0,16.0,10.0,13,7,15,12,9,6,0.0,0.0,7,2,3,8,2,7,12,7,6,10,6,5,13.0,9.0,7.0,15.0,12.0,12.0,6,4,1,0,4,6,0,1,4,2,2,4,http://www.khl.ru/game/309/46048/protocol/
152,20.09.2015,Югра,Авангард,1:0 1:0 1:0,"Главные судьи: Рафаэль Кадыров, Сергей Кулаков","Линейные судьи: Евгений Литвинов, Антон Понамаренко",Тренер: Павел Езовских,Тренер: Евгений Корноухов,8.0,13.0,11.0,26.0,9.0,22.0,6,5,7,15,6,15,0.0,0.0,4,1,3,1,3,1,7,4,8,4,4,8,10.0,7.0,9.0,13.0,15.0,11.0,5,4,1,0,4,5,0,1,0,0,0,0,http://www.khl.ru/game/309/46051/protocol/
151,20.09.2015,Трактор,Амур,0:0 0:1 1:0 0:0 1:0,"Главные судьи: Артур Кулёв, Денис Наумов","Линейные судьи: Алексей Майтак, Евгений Пронских",Тренер: Андрей Николишин,Тренер: Сергей Шепелев,19.0,16.0,23.0,20.0,24.0,14.0,9,6,12,13,12,9,0,4,5,4,3,3,4,4,10,9,7,4,7,9,12.0,8.0,7.0,10.0,6.0,8.0,7,3,0,0,3,7,0,0,1,1,1,1,http://www.khl.ru/game/309/46047/protocol/
140,18.09.2015,Лада,Северсталь,0:0 0:1 0:1,"Главные судьи: Андрей Рогачёв, Ильдар Сафиуллов","Линейные судьи: Иван Назаров, Никита Новиков",Тренер: Артис Аболс,Тренер: Вацлав Сикора,13.0,15.0,20.0,13.0,11.0,14.0,7,6,11,7,5,5,0.0,0.0,1,3,2,3,3,0,9,9,6,11,9,5,7.0,4.0,4.0,12.0,7.0,7.0,2,3,0,0,3,2,0,0,2,0,0,2,http://www.khl.ru/game/309/46039/protocol/
142,18.09.2015,Ак Барс,ЦСКА,1:0 2:2 3:1,"Главные судьи: Константин Оленин, Антти Боман","Линейные судьи: Роман Шиханов, Дмитрий Головлёв",Тренер: Зинэтула Билялетдинов,Тренер: Дмитрий Квартальнов,12.0,19.0,9.0,25.0,15.0,16.0,4,8,7,13,6,9,0.0,0.0,8,5,5,0,1,1,10,12,12,8,2,5,7.0,10.0,12.0,9.0,13.0,15.0,5,5,2,2,5,5,2,2,3,1,1,3,http://www.khl.ru/game/309/46041/protocol/
143,18.09.2015,Локомотив,Динамо Мн,1:0 2:0 1:0,"Главные судьи: Владислав Киселёв, Сергей Кулаков","Линейные судьи: Иван Сазонов, Дмитрий Сивов",Тренер: Алексей Кудашов,Тренер: Любомир Покович,19.0,14.0,24.0,12.0,15.0,7.0,7,10,10,5,8,2,0.0,0.0,3,6,0,5,5,6,3,8,2,1,1,6,12.0,6.0,11.0,9.0,10.0,12.0,2,3,0,0,3,2,0,0,3,0,0,3,http://www.khl.ru/game/309/46043/protocol/
141,18.09.2015,Нефтехимик,Амур,1:2 0:0 2:0,"Главные судьи: Алексей Васильев, Эдуард Ибатулин","Линейные судьи: Никита Шалагин, Дмитрий Шишло",Тренер: Владимир Крикунов,Тренер: Сергей Шепелев,17.0,22.0,27.0,9.0,23.0,17.0,11,11,11,2,14,8,0.0,0.0,6,4,4,10,7,8,12,4,7,3,2,0,14.0,12.0,12.0,4.0,17.0,7.0,5,6,1,1,6,5,1,1,2,1,1,2,http://www.khl.ru/game/309/46040/protocol/
139,18.09.2015,Югра,Барыс,0:0 0:0 1:0,"Главные судьи: Рафаэль Кадыров, Максим Сидоренко","Линейные судьи: Евгений П. Литвинов, Антон Понамаренко",Тренер: Павел Езовских,Тренер: Ерлан Сагымбаев,20.0,18.0,16.0,23.0,15.0,24.0,12,9,9,16,11,13,0.0,0.0,4,5,3,4,2,2,6,5,3,7,3,3,7.0,6.0,6.0,13.0,9.0,16.0,3,2,1,0,2,3,0,1,0,0,0,0,http://www.khl.ru/game/309/46038/protocol/
138,18.09.2015,Трактор,Адмирал,0:1 1:0 0:0 0:0 1:0,"Главные судьи: Евгений Гамалей, Сергей Гусев","Линейные судьи: Евгений Стрельцов, Алексей Михель",Тренер: Андрей Николишин,Тренер: Александр Андриевский,19.0,14.0,12.0,27.0,11.0,17.0,9,8,6,13,7,8,5,2,1,2,8,3,5,3,2,5,2,3,0,2,9.0,2.0,8.0,11.0,9.0,1.0,3,5,0,0,5,3,0,0,1,0,0,1,http://www.khl.ru/game/309/46037/protocol/
137,18.09.2015,Салават Юлаев,Металлург Нк,1:0 2:0 1:1,"Главные судьи: Яков Деев, Антон Лаврентьев","Линейные судьи: Максим Берсенёв, Евгений Юдин",Тренер: Анатолий Емелин,Тренер: Николай Соловьёв,17.0,16.0,22.0,14.0,16.0,10.0,7,8,12,8,11,6,0.0,0.0,3,5,4,4,1,4,4,9,6,7,5,4,10.0,3.0,13.0,4.0,12.0,6.0,2,3,1,1,3,2,1,1,3,0,0,3,http://www.khl.ru/game/309/46035/protocol/
144,18.09.2015,ХК Сочи,Торпедо,0:0 0:1 0:0,"Главные судьи: Вячеслав Буланов, Александр Соин","Линейные судьи: Алексей Медведев, Сергей Шелянин",Тренер: Вячеслав Буцаев,Тренер: Петерис Скудра,16.0,16.0,25.0,13.0,16.0,11.0,11,8,16,7,10,10,0.0,0.0,2,3,5,5,1,3,10,3,4,3,13,2,8.0,14.0,12.0,11.0,8.0,11.0,5,5,0,0,5,5,0,0,1,0,0,1,http://www.khl.ru/game/309/46042/protocol/
132,17.09.2015,Слован,СКА,0:1 0:0 1:0 0:1,"Главные судьи: Эдуард Одиньш, Алексей Раводин","Линейные судьи: Виктор Томилов, Константин Горденко",Тренер: Милош Ржига,Тренер: Андрей Назаров,14.0,17.0,25.0,24.0,23.0,26.0,9,10,14,10,16,16,1,4,4,8,6,9,2,5,3,10,2,3,2,3,8.0,15.0,11.0,10.0,15.0,10.0,6,4,0,0,4,6,0,0,1,1,1,1,http://www.khl.ru/game/309/46030/protocol/
133,17.09.2015,Динамо Р,Витязь,0:0 1:3 0:1,"Главные судьи: Юрий Цыплаков, Роман Щенёв","Линейные судьи: Пётр Алёшин, Юрий Иванов",Тренер: Кари Хейккиля,Тренер: Олег Ореховский,29.0,19.0,33.0,17.0,21.0,16.0,14,11,18,12,9,5,0.0,0.0,5,4,2,5,1,8,5,5,5,3,5,2,14.0,7.0,13.0,14.0,11.0,6.0,3,3,2,1,3,3,1,2,2,0,0,2,http://www.khl.ru/game/309/46032/protocol/
134,17.09.2015,Медвешчак,Спартак,1:1 0:3 0:3,"Главные судьи: Алексей Анисимов, Антонин Йерабек","Линейные судьи: Глеб Лазарев, Александр Садовников",Тренер: Горди Дуайер,Тренер: Герман Титов,17.0,18.0,23.0,12.0,19.0,8.0,10,15,11,9,10,6,0.0,0.0,1,2,1,0,3,2,2,1,4,3,5,2,15.0,8.0,10.0,9.0,14.0,7.0,4,6,1,0,6,4,0,1,4,1,1,4,http://www.khl.ru/game/309/46033/protocol/
131,17.09.2015,Йокерит,Динамо Мск,0:0 2:0 0:1,"Главные судьи: Виктор Гашилов, Роман Гофман","Линейные судьи: Александр Сироткин, Эдуард Метальников",Тренер: Эркка Вестерлунд,Тренер: Харийс Витолиньш,11.0,14.0,23.0,20.0,9.0,15.0,4,4,14,11,7,7,0.0,0.0,2,3,3,4,2,0,2,5,4,5,0,3,11.0,7.0,15.0,7.0,6.0,13.0,3,4,1,0,4,3,0,1,1,1,1,1,http://www.khl.ru/game/309/46031/protocol/
135,18.09.2015,Автомобилист,Авангард,1:0 0:0 1:2 1:0,"Главные судьи: Денис Бондарь, Алексей Белов","Линейные судьи: Никита Вилюгин, Андрей Матюша",Тренер: Андрей Разин,Тренер: Евгений Корноухов,16.0,17.0,21.0,13.0,13.0,16.0,10,8,11,5,10,9,2,3,5,3,1,1,3,1,7,4,3,9,3,1,13.0,10.0,7.0,11.0,10.0,11.0,6,4,2,0,4,6,0,2,1,2,2,1,http://www.khl.ru/game/309/46036/protocol/
136,18.09.2015,Металлург Мг,Сибирь,0:0 2:2 0:0 0:0 1:0,"Главные судьи: Владимир Букин, Денис Наумов","Линейные судьи: Степан Коршак, Александр Чернышёв",Тренер: Майк Кинэн,Тренер: Андрей Скабелка,16.0,20.0,25.0,12.0,12.0,20.0,9,12,19,9,6,13,5,2,4,3,2,8,1,4,7,8,13,6,6,8,9.0,12.0,16.0,11.0,13.0,8.0,5,4,0,0,4,5,0,0,2,2,2,2,http://www.khl.ru/game/309/46034/protocol/
130,16.09.2015,Ак Барс,Динамо Мн,1:1 1:1 2:3,"Главные судьи: Алексей Белов, Михаил Бутурлин","Линейные судьи: Алексей Майтак, Евгений Пронских",Тренер: Зинэтула Билялетдинов,Тренер: Любомир Покович,16.0,14.0,27.0,17.0,20.0,8.0,11,7,14,13,11,6,0.0,0.0,3,3,4,7,1,4,9,4,7,8,1,3,11.0,7.0,9.0,7.0,14.0,8.0,5,4,2,1,4,5,1,2,3,3,3,3,http://www.khl.ru/game/309/46029/protocol/
129,16.09.2015,Нефтехимик,Сибирь,1:0 0:0 0:1 0:0 0:1,"Главные судьи: Сергей Гусев, Александр Сергеев","Линейные судьи: Торнике Кучава, Александр Захаренков",Тренер: Владимир Крикунов,Тренер: Андрей Скабелка,18.0,13.0,17.0,4.0,14.0,29.0,12,5,3,3,7,15,2,3,3,3,6,7,10,9,9,3,17,5,11,9,12.0,11.0,9.0,8.0,12.0,14.0,4,6,0,0,6,4,0,0,1,1,1,1,http://www.khl.ru/game/309/46028/protocol/
126,16.09.2015,Салават Юлаев,Барыс,0:0 0:0 1:1 0:0 1:0,"Главные судьи: Вячеслав Буланов, Антти Боман","Линейные судьи: Яков Палей, Станислав Раминг",Тренер: Анатолий Емелин,Тренер: Ерлан Сагымбаев,16.0,14.0,27.0,6.0,17.0,13.0,8,9,12,4,6,9,3,1,7,3,3,7,2,6,0,2,3,0,1,2,11.0,11.0,8.0,5.0,10.0,14.0,4,2,0,0,2,4,0,0,1,1,1,1,http://www.khl.ru/game/309/46025/protocol/
124,15.09.2015,СКА,Динамо Мск,0:1 1:2 1:1,"Главные судьи: Алексей Анисимов, Константин Оленин","Линейные судьи: Дмитрий Сивов, Сергей Шелянин",Тренер: Андрей Назаров,Тренер: Харийс Витолиньш,14.0,16.0,12.0,16.0,18.0,14.0,8,11,6,12,11,6,0.0,0.0,3,1,2,2,4,6,9,7,6,2,4,0,12.0,12.0,10.0,10.0,12.0,6.0,2,3,2,2,3,2,2,2,2,0,0,2,http://www.khl.ru/game/309/46024/protocol/
128,16.09.2015,Лада,Торпедо,0:0 1:2 0:0,"Главные судьи: Сергей Беляев, Эдуард Ибатулин","Линейные судьи: Алексей Медведев, Никита Шалагин",Тренер: Сергей Светлов,Тренер: Петерис Скудра,8.0,18.0,15.0,30.0,16.0,17.0,1,7,8,18,8,11,0.0,0.0,2,3,9,2,0,4,13,14,7,9,10,11,7.0,12.0,13.0,15.0,7.0,10.0,5,5,0,0,5,5,0,0,2,1,1,2,http://www.khl.ru/game/309/46027/protocol/
123,15.09.2015,Локомотив,Металлург Мг,1:0 1:0 1:0,"Главные судьи: Антонин Йерабек, Эдуард Одиньш","Линейные судьи: Пётр Алёшин, Александр Нестеров",Тренер: Алексей Кудашов,Тренер: Майк Кинэн,20.0,9.0,24.0,21.0,18.0,18.0,9,4,18,7,9,6,0.0,0.0,3,4,5,2,4,3,3,12,8,5,2,7,10.0,6.0,15.0,12.0,4.0,12.0,3,2,0,0,2,3,0,0,3,0,0,3,http://www.khl.ru/game/309/46022/protocol/
121,14.09.2015,Медвешчак,Слован,1:2 0:0 1:0 0:1,"Главные судьи: Юрий Оскирко, Александр Сергеев","Линейные судьи: Иван Дедюля, Иван Сазонов",Тренер: Горди Дуайер,Тренер: Милош Ржига,13.0,13.0,15.0,12.0,9.0,14.0,9,7,7,8,4,8,0,1,2,2,2,3,2,1,1,3,5,9,3,3,14.0,9.0,16.0,8.0,6.0,9.0,3,6,0,0,6,3,0,0,1,2,2,1,http://www.khl.ru/game/309/46020/protocol/
127,16.09.2015,Трактор,Металлург Нк,1:2 1:0 0:1,"Главные судьи: Юрий Оскирко, Максим Сидоренко","Линейные судьи: Александр Отмахов, Никита Вилюгин",Тренер: Андрей Николишин,Тренер: Николай Соловьёв,33.0,10.0,22.0,12.0,23.0,14.0,20,4,17,7,12,8,0.0,0.0,2,6,2,4,4,7,2,1,3,0,2,2,16.0,7.0,17.0,7.0,14.0,7.0,3,7,1,2,7,3,2,1,2,0,0,2,http://www.khl.ru/game/309/46026/protocol/
122,15.09.2015,Северсталь,Автомобилист,0:0 2:1 2:0,"Главные судьи: Рафаэль Кадыров, Павел Овчинников","Линейные судьи: Дмитрий Шишло, Иван Назаров",Тренер: Вацлав Сикора,Тренер: Андрей Разин,16.0,16.0,20.0,13.0,11.0,21.0,3,9,12,6,7,8,0.0,0.0,3,7,5,3,7,0,7,1,7,1,2,7,17.0,10.0,7.0,9.0,11.0,8.0,3,5,1,0,5,3,0,1,3,1,1,3,http://www.khl.ru/game/309/46021/protocol/
125,15.09.2015,ЦСКА,Югра,0:0 4:0 0:0,"Главные судьи: Владислав Киселёв, Андрей Рогачёв","Линейные судьи: Сергей Мисюрь, Александр Садовников",Тренер: Дмитрий Квартальнов,Тренер: Павел Езовских,26.0,16.0,44.0,9.0,14.0,14.0,17,7,27,5,7,8,0.0,0.0,3,5,3,8,2,2,4,8,1,7,1,4,7.0,10.0,19.0,9.0,7.0,6.0,7,5,3,0,5,7,0,3,1,0,0,1,http://www.khl.ru/game/309/46023/protocol/
119,14.09.2015,Витязь,Торпедо,0:0 0:0 0:0 1:0,"Главные судьи: Алексей Белов, Антонин Йерабек","Линейные судьи: Сергей Мисюрь, Никита Новиков",Тренер: Олег Ореховский,Тренер: Петерис Скудра,11.0,10.0,12.0,23.0,13.0,25.0,2,4,2,12,7,14,4,1,6,6,6,4,3,3,9,10,8,4,5,3,6.0,5.0,5.0,9.0,10.0,11.0,5,4,0,0,4,5,0,0,0,0,0,0,http://www.khl.ru/game/309/46019/protocol/
116,14.09.2015,Авангард,ХК Сочи,3:0 1:0 1:1,"Главные судьи: Роман Гофман, Ильдар Сафиуллов","Линейные судьи: Никита Вилюгин, Андрей Матюша",Тренер: Евгений Корноухов,Тренер: Вячеслав Буцаев,10.0,19.0,7.0,29.0,12.0,13.0,6,8,4,8,4,7,0.0,0.0,5,4,16,2,4,4,5,3,11,1,4,2,8.0,11.0,9.0,8.0,9.0,8.0,6,3,1,0,3,6,0,1,5,0,0,5,http://www.khl.ru/game/309/46016/protocol/
113,13.09.2015,ЦСКА,Автомобилист,2:0 1:1 1:0,"Главные судьи: Виктор Гашилов, Юрий Цыплаков","Линейные судьи: Константин Горденко, Виктор Томилов",Тренер: Дмитрий Квартальнов,Тренер: Андрей Разин,21.0,12.0,22.0,18.0,24.0,18.0,11,6,10,10,15,10,0.0,0.0,6,6,4,6,3,3,10,9,1,6,8,4,13.0,12.0,18.0,8.0,11.0,9.0,6,8,2,0,8,6,0,2,2,1,1,2,http://www.khl.ru/game/309/46011/protocol/
114,14.09.2015,Амур,Йокерит,2:0 0:3 0:0,"Главные судьи: Алексей Раводин, Александр Соин","Линейные судьи: Дмитрий Парфёнов, Александр Сысуев",Тренер: Сергей Шепелев,Тренер: Эркка Вестерлунд,20.0,9.0,9.0,25.0,14.0,18.0,11,5,5,17,5,12,0.0,0.0,3,4,6,1,3,2,5,7,7,4,4,6,7.0,8.0,6.0,14.0,7.0,8.0,8,7,3,1,7,8,1,3,0,1,1,0,http://www.khl.ru/game/309/46013/protocol/
117,14.09.2015,Трактор,Сибирь,0:0 1:0 0:1 0:1,"Главные судьи: Сергей Беляев, Вячеслав Буланов","Линейные судьи: Глеб Лазарев, Евгений П. Литвинов",Тренер: Андрей Николишин,Тренер: Андрей Скабелка,25.0,20.0,21.0,27.0,17.0,21.0,12,12,10,14,8,16,1,1,5,6,6,4,5,4,6,3,4,4,4,2,12.0,8.0,8.0,14.0,13.0,7.0,2,1,0,0,1,2,0,0,1,1,1,1,http://www.khl.ru/game/309/46015/protocol/
118,14.09.2015,Нефтехимик,Металлург Нк,0:0 0:0 1:0,"Главные судьи: Сергей Кулаков, Евгений Гамалей","Линейные судьи: Роман Шиханов, Дмитрий Головлёв",Тренер: Владимир Крикунов,Тренер: Николай Соловьёв,19.0,18.0,24.0,15.0,20.0,19.0,12,9,12,9,11,7,0.0,0.0,5,3,4,5,4,6,12,1,9,3,2,7,6.0,9.0,13.0,15.0,8.0,6.0,3,3,0,0,3,3,0,0,1,0,0,1,http://www.khl.ru/game/309/46017/protocol/
115,14.09.2015,Адмирал,Динамо Р,0:1 1:1 1:2,"Главные судьи: Алексей Васильев, Денис Наумов","Линейные судьи: Степан Коршак, Александр Чернышёв",Тренер: Александр Андриевский,Тренер: Кари Хейккиля,23.0,11.0,29.0,8.0,22.0,8.0,12,7,18,4,12,6,0.0,0.0,4,5,2,3,3,4,8,2,6,4,6,2,6.0,11.0,15.0,15.0,14.0,11.0,3,8,2,2,8,3,2,2,1,0,0,1,http://www.khl.ru/game/309/46014/protocol/
120,14.09.2015,Спартак,Динамо Мн,0:1 0:3 1:0,"Главные судьи: Денис Бондарь, Сергей Гусев","Линейные судьи: Александр Отмахов, Станислав Раминг",Тренер: Герман Титов,Тренер: Любомир Покович,15.0,14.0,16.0,14.0,19.0,12.0,7,8,11,10,13,8,0.0,0.0,2,2,0,2,0,2,9,6,4,5,6,3,8.0,10.0,11.0,11.0,4.0,12.0,4,6,1,1,6,4,1,1,3,0,0,3,http://www.khl.ru/game/309/46018/protocol/
109,12.09.2015,Витязь,Слован,0:1 0:3 2:1,"Главные судьи: Эдуард Одиньш, Вячеслав Буланов","Линейные судьи: Константин Горденко, Виктор Томилов",Тренер: Олег Ореховский,Тренер: Милош Ржига,12.0,29.0,12.0,22.0,25.0,7.0,10,15,6,13,15,5,0.0,0.0,9,1,5,3,1,6,2,2,4,4,5,11,9.0,12.0,15.0,7.0,11.0,13.0,3,4,1,1,4,3,1,1,4,1,1,4,http://www.khl.ru/game/309/46008/protocol/
105,12.09.2015,Амур,Динамо Р,3:0 0:2 0:0,"Главные судьи: Денис Бондарь, Александр Сергеев","Линейные судьи: Дмитрий Парфёнов, Александр Сысуев",Тренер: Сергей Шепелев,Тренер: Кари Хейккиля,25.0,17.0,11.0,15.0,5.0,11.0,13,9,6,9,4,8,0.0,0.0,7,7,4,3,1,1,8,9,5,11,8,6,9.0,7.0,9.0,9.0,8.0,9.0,6,3,2,0,3,6,0,2,1,2,2,1,http://www.khl.ru/game/309/46004/protocol/
106,12.09.2015,Адмирал,Йокерит,0:2 0:1 1:3,"Главные судьи: Алексей Белов, Денис Наумов","Линейные судьи: Степан Коршак, Александр Чернышёв",Тренер: Александр Андриевский,Тренер: Эркка Вестерлунд,15.0,25.0,14.0,15.0,16.0,22.0,8,16,6,10,8,14,0.0,0.0,4,1,1,3,4,1,8,9,6,2,5,2,12.0,10.0,5.0,15.0,12.0,14.0,3,4,1,1,4,3,1,1,4,0,0,4,http://www.khl.ru/game/309/46005/protocol/
107,12.09.2015,Авангард,Локомотив,1:0 0:0 2:0,"Главные судьи: Антти Боман, Алексей Раводин","Линейные судьи: Андрей Матюша, Иван Сазонов",Тренер: Евгений Корноухов,Тренер: Алексей Кудашов,19.0,12.0,11.0,28.0,14.0,18.0,8,7,9,15,7,5,0.0,0.0,1,7,6,1,5,3,11,9,6,7,2,2,10.0,3.0,12.0,7.0,15.0,9.0,5,5,1,0,5,5,0,1,2,0,0,2,http://www.khl.ru/game/309/46006/protocol/
108,12.09.2015,Барыс,ХК Сочи,0:1 2:1 0:0 1:0,"Главные судьи: Владимир Букин, Андрей Рогачёв","Линейные судьи: Дмитрий Сивов, Сергей Шелянин",Тренер: Ерлан Сагымбаев,Тренер: Вячеслав Буцаев,14.0,16.0,34.0,13.0,5.0,14.0,8,8,24,6,2,9,1,0,4,3,4,5,0,3,3,3,4,4,3,2,12.0,9.0,15.0,10.0,11.0,7.0,4,1,2,0,1,4,0,2,1,2,2,1,http://www.khl.ru/game/309/46007/protocol/
112,13.09.2015,Ак Барс,Салават Юлаев,0:2 2:0 1:1 0:0 0:1,"Главные судьи: Алексей Анисимов, Эдуард Одиньш","Линейные судьи: Александр Захаренков, Александр Садовников",Тренер: Зинэтула Билялетдинов,Тренер: Анатолий Емелин,12.0,19.0,20.0,7.0,11.0,22.0,6,8,13,2,6,15,2,5,3,4,3,4,5,1,6,8,13,10,3,4,8.0,11.0,10.0,8.0,11.0,15.0,4,3,1,0,3,4,0,1,1,3,3,1,http://www.khl.ru/game/309/46012/protocol/
111,13.09.2015,Северсталь,Металлург Мг,0:2 2:2 1:0,"Главные судьи: Михаил Бутурлин, Владислав Киселёв","Линейные судьи: Александр Отмахов, Станислав Раминг",Тренер: Вацлав Сикора,Тренер: Майк Кинэн,14.0,20.0,28.0,17.0,12.0,18.0,8,13,16,11,7,9,0.0,0.0,4,0,5,9,5,3,3,7,6,4,4,4,9.0,12.0,13.0,11.0,9.0,11.0,1,3,0,0,3,1,0,0,4,3,3,4,http://www.khl.ru/game/309/46010/protocol/
110,13.09.2015,Лада,Югра,0:0 0:2 1:0,"Главные судьи: Яков Деев, Артур Кулёв","Линейные судьи: Яков Палей, Антон Понамаренко",Тренер: Сергей Светлов,Тренер: Павел Езовских,21.0,17.0,11.0,22.0,13.0,14.0,8,10,6,11,9,5,0.0,0.0,2,7,2,3,3,2,6,13,6,9,6,8,10.0,11.0,10.0,10.0,7.0,12.0,4,3,0,0,3,4,0,0,2,1,1,2,http://www.khl.ru/game/309/46009/protocol/
97,10.09.2015,Сибирь,Динамо Р,1:0 1:0 2:1,"Главные судьи: Владислав Киселёв, Андрей Рогачёв","Линейные судьи: Эдуард Метальников, Александр Сироткин",Тренер: Андрей Скабелка,Тренер: Кари Хейккиля,27.0,30.0,15.0,15.0,24.0,13.0,16,14,9,11,13,7,0.0,0.0,8,2,3,3,5,4,5,3,0,6,0,2,8.0,14.0,6.0,8.0,10.0,7.0,4,5,0,0,5,4,0,0,4,1,1,4,http://www.khl.ru/game/309/45996/protocol/
104,11.09.2015,ЦСКА,Металлург Мг,1:0 0:2 0:1,"Главные судьи: Роман Гофман, Сергей Гусев","Линейные судьи: Юрий Иванов, Глеб Лазарев",Тренер: Дмитрий Квартальнов,Тренер: Майк Кинэн,26.0,14.0,21.0,24.0,21.0,8.0,12,6,12,15,10,4,0.0,0.0,5,7,6,3,1,7,14,16,5,14,11,11,10.0,7.0,13.0,12.0,8.0,7.0,7,5,3,1,5,7,1,3,0,0,0,0,http://www.khl.ru/game/309/46003/protocol/
99,10.09.2015,Витязь,Медвешчак,0:1 2:1 1:1 0:0 1:0,"Главные судьи: Роман Гофман, Сергей Гусев","Линейные судьи: Дмитрий Головлёв, Глеб Лазарев",Тренер: Олег Ореховский,Тренер: Горди Дуайер,14.0,21.0,20.0,15.0,16.0,15.0,5,10,13,10,7,8,0,3,5,3,4,3,2,4,1,5,3,8,2,6,6.0,10.0,14.0,7.0,10.0,15.0,7,9,2,2,9,7,2,2,1,1,1,1,http://www.khl.ru/game/309/46000/protocol/
103,11.09.2015,Северсталь,Салават Юлаев,1:1 0:1 0:0,"Главные судьи: Сергей Кулаков, Константин Оленин","Линейные судьи: Торнике Кучава, Иван Назаров",Тренер: Вацлав Сикора,Тренер: Анатолий Емелин,12.0,17.0,20.0,16.0,20.0,12.0,6,3,8,4,11,8,0.0,0.0,6,3,3,6,2,6,4,3,3,4,3,3,8.0,8.0,6.0,11.0,9.0,12.0,4,5,0,0,5,4,0,0,2,0,0,2,http://www.khl.ru/game/309/46002/protocol/
101,10.09.2015,Динамо Мск,Слован,0:1 1:1 0:0,"Главные судьи: Алексей Анисимов, Эдуард Одиньш","Линейные судьи: Пётр Алёшин, Юрий Иванов",Тренер: Харийс Витолиньш,Тренер: Милош Ржига,13.0,27.0,29.0,16.0,18.0,12.0,5,16,15,7,7,6,0.0,0.0,4,4,5,5,2,5,5,6,5,4,4,3,8.0,12.0,11.0,8.0,5.0,8.0,3,4,1,0,4,3,0,1,1,1,1,1,http://www.khl.ru/game/309/45999/protocol/
102,10.09.2015,Торпедо,Трактор,0:0 2:0 1:0,"Главные судьи: Рафаэль Кадыров, Александр Соин","Линейные судьи: Алексей Майтак, Евгений Пронских",Тренер: Петерис Скудра,Тренер: Андрей Николишин,14.0,16.0,11.0,11.0,10.0,11.0,8,7,7,7,8,7,0.0,0.0,3,4,1,1,3,0,9,8,3,8,1,3,17.0,8.0,12.0,6.0,11.0,3.0,7,3,0,0,3,7,0,0,3,0,0,3,http://www.khl.ru/game/309/46001/protocol/
98,10.09.2015,Югра,Локомотив,1:1 1:0 0:0,"Главные судьи: Павел Комаров, Ильдар Сафиуллов","Линейные судьи: Александр Отмахов, Станислав Раминг",Тренер: Павел Езовских,Тренер: Алексей Кудашов,14.0,17.0,17.0,15.0,6.0,42.0,7,10,9,8,0,19,0.0,0.0,3,5,5,6,10,1,5,0,3,4,2,3,6.0,10.0,11.0,10.0,4.0,10.0,4,3,1,0,3,4,0,1,1,1,1,1,http://www.khl.ru/game/309/45997/protocol/
100,10.09.2015,Динамо Мн,Нефтехимик,0:0 1:2 1:0 0:0 0:1,"Главные судьи: Алексей Раводин, Роман Щенёв","Линейные судьи: Алексей Михель, Евгений Стрельцов",Тренер: Любомир Покович,Тренер: Владимир Крикунов,19.0,12.0,23.0,17.0,22.0,15.0,9,7,19,11,15,9,4,2,2,5,4,3,0,5,10,9,1,4,5,11,8.0,9.0,7.0,10.0,7.0,13.0,2,6,2,0,6,2,0,2,0,2,2,0,http://www.khl.ru/game/309/45998/protocol/
89,08.09.2015,Торпедо,Нефтехимик,0:0 0:1 1:0 0:1,"Главные судьи: Антти Боман, Вячеслав Буланов","Линейные судьи: Пётр Алёшин, Александр Нестеров",Тренер: Петерис Скудра,Тренер: Владимир Крикунов,22.0,11.0,10.0,14.0,13.0,2.0,12,6,7,5,8,1,0,1,2,2,4,1,1,1,7,10,5,10,5,5,7.0,16.0,13.0,7.0,12.0,12.0,1,6,0,0,6,1,0,0,1,1,1,1,http://www.khl.ru/game/309/45988/protocol/
92,10.09.2015,Адмирал,СКА,1:0 0:3 0:2,"Главные судьи: Денис Бондарь, Алексей Белов","Линейные судьи: Константин Горденко, Виктор Томилов",Тренер: Александр Андриевский,Тренер: Андрей Назаров,17.0,12.0,17.0,20.0,16.0,20.0,9,5,8,12,6,15,0.0,0.0,1,2,3,2,4,5,5,5,2,5,5,2,10.0,15.0,14.0,9.0,11.0,13.0,6,5,2,0,5,6,0,2,3,1,1,3,http://www.khl.ru/game/309/45991/protocol/
91,10.09.2015,Амур,Спартак,0:2 1:0 0:0,"Главные судьи: Михаил Бутурлин, Денис Наумов","Линейные судьи: Степан Коршак, Александр Чернышёв",Тренер: Сергей Шепелев,Тренер: Герман Титов,14.0,9.0,14.0,7.0,17.0,12.0,5,7,9,4,11,8,0.0,0.0,1,4,0,5,1,4,5,7,4,11,2,2,10.0,7.0,11.0,4.0,7.0,8.0,8,2,1,0,2,8,0,1,2,0,0,2,http://www.khl.ru/game/309/45990/protocol/
90,09.09.2015,ЦСКА,Салават Юлаев,1:0 1:2 3:0,"Главные судьи: Антти Боман, Вячеслав Буланов","Линейные судьи: Дмитрий Голяк, Иван Дедюля",Тренер: Дмитрий Квартальнов,Тренер: Анатолий Емелин,22.0,13.0,16.0,16.0,19.0,12.0,10,6,9,7,13,6,0.0,0.0,6,6,7,5,3,1,10,13,6,12,6,13,9.0,7.0,12.0,8.0,14.0,3.0,5,3,2,1,3,5,1,2,3,0,0,3,http://www.khl.ru/game/309/45989/protocol/
96,10.09.2015,Барыс,Ак Барс,1:1 1:0 1:0,"Главные судьи: Владимир Букин, Алексей Васильев","Линейные судьи: Дмитрий Сивов, Сергей Шелянин",Тренер: Ерлан Сагымбаев,Тренер: Зинэтула Билялетдинов,12.0,15.0,19.0,15.0,16.0,11.0,7,9,13,6,10,5,0.0,0.0,3,2,2,2,3,4,5,3,2,4,2,5,15.0,6.0,11.0,9.0,14.0,4.0,1,4,1,1,4,1,1,1,2,0,0,2,http://www.khl.ru/game/309/45995/protocol/
95,10.09.2015,Автомобилист,ХК Сочи,1:2 0:0 0:2,"Главные судьи: Сергей Беляев, Яков Деев","Линейные судьи: Дмитрий Парфёнов, Александр Сысуев",Тренер: Андрей Разин,Тренер: Вячеслав Буцаев,6.0,16.0,19.0,21.0,9.0,13.0,4,11,10,13,4,9,0.0,0.0,3,2,2,3,1,3,6,5,6,5,1,7,11.0,7.0,18.0,9.0,9.0,10.0,5,5,2,0,5,5,0,2,2,1,1,2,http://www.khl.ru/game/309/45994/protocol/
94,10.09.2015,Авангард,Лада,1:0 5:0 0:1,"Главные судьи: Евгений Гамалей, Виктор Гашилов","Линейные судьи: Максим Берсенёв, Евгений Юдин",Тренер: Евгений Корноухов,Тренер: Сергей Светлов,17.0,15.0,24.0,12.0,15.0,14.0,10,9,20,4,7,8,0.0,0.0,4,4,5,3,5,5,3,1,7,2,3,0,8.0,7.0,13.0,8.0,9.0,10.0,5,5,1,0,5,5,0,1,5,0,0,5,http://www.khl.ru/game/309/45993/protocol/
93,10.09.2015,Металлург Нк,Йокерит,0:2 1:0 1:1,"Главные судьи: Александр Сергеев, Юрий Цыплаков","Линейные судьи: Андрей Матюша, Александр Нестеров",Тренер: Николай Соловьёв,Тренер: Эркка Вестерлунд,19.0,19.0,21.0,26.0,23.0,11.0,12,13,10,17,7,5,0.0,0.0,3,4,2,6,1,6,8,5,3,4,2,3,9.0,9.0,10.0,14.0,11.0,10.0,5,7,1,0,7,5,0,1,2,2,2,2,http://www.khl.ru/game/309/45992/protocol/
86,08.09.2015,Югра,ХК Сочи,1:1 0:1 2:0,"Главные судьи: Павел Комаров, Роман Щенёв","Линейные судьи: Александр Отмахов, Станислав Раминг",Тренер: Павел Езовских,Тренер: Вячеслав Буцаев,6.0,15.0,13.0,15.0,9.0,19.0,5,10,7,8,6,11,0.0,0.0,1,1,2,4,3,1,5,7,7,6,4,2,6.0,13.0,8.0,10.0,8.0,7.0,4,4,1,1,4,4,1,1,2,1,1,2,http://www.khl.ru/game/309/45985/protocol/
87,08.09.2015,Динамо Мн,Трактор,1:0 2:0 1:0,"Главные судьи: Роман Гофман, Сергей Кулаков","Линейные судьи: Дмитрий Головлёв, Роман Шиханов",Тренер: Любомир Покович,Тренер: Андрей Николишин,16.0,12.0,21.0,17.0,11.0,23.0,8,2,11,9,8,13,0.0,0.0,3,1,2,5,3,0,3,5,2,4,1,7,13.0,4.0,11.0,8.0,13.0,11.0,3,3,1,0,3,3,0,1,3,0,0,3,http://www.khl.ru/game/309/45986/protocol/
84,08.09.2015,Барыс,Лада,0:0 0:5 0:1,"Главные судьи: Сергей Беляев, Алексей Васильев","Линейные судьи: Алексей Майтак, Евгений Пронских",Тренер: Ерлан Сагымбаев,Тренер: Сергей Светлов,21.0,17.0,14.0,22.0,15.0,7.0,13,10,10,13,12,3,0.0,0.0,5,4,4,2,0,1,3,2,1,1,7,1,13.0,5.0,11.0,10.0,10.0,11.0,5,6,0,0,6,5,0,0,6,0,0,6,http://www.khl.ru/game/309/45982/protocol/
81,08.09.2015,Металлург Нк,Динамо Р,1:1 0:0 0:3,"Главные судьи: Эдуард Ибатулин, Александр Сергеев","Линейные судьи: Сергей Мисюрь, Яков Палей",Тренер: Николай Соловьёв,Тренер: Кари Хейккиля,15.0,16.0,10.0,21.0,27.0,11.0,10,8,4,11,18,9,0.0,0.0,4,5,4,7,3,6,4,9,5,3,6,7,10.0,10.0,7.0,11.0,15.0,5.0,4,4,2,0,4,4,0,2,2,1,1,2,http://www.khl.ru/game/309/45980/protocol/
88,08.09.2015,Динамо Мск,Медвешчак,2:0 0:0 0:1,"Главные судьи: Денис Наумов, Алексей Раводин","Линейные судьи: Дмитрий Голяк, Иван Дедюля",Тренер: Харийс Витолиньш,Тренер: Горди Дуайер,16.0,9.0,16.0,29.0,9.0,32.0,11,3,7,18,6,13,0.0,0.0,5,2,8,2,16,1,6,5,1,8,6,2,8.0,8.0,10.0,13.0,7.0,13.0,5,7,1,1,7,5,1,1,1,0,0,1,http://www.khl.ru/game/309/45987/protocol/
83,08.09.2015,Автомобилист,Локомотив,0:2 0:0 2:0 0:1,"Главные судьи: Сергей Гусев, Александр Соин","Линейные судьи: Глеб Лазарев, Евгений П. Литвинов",Тренер: Андрей Разин,Тренер: Алексей Кудашов,9.0,15.0,11.0,18.0,19.0,8.0,6,7,9,9,8,4,0,1,3,2,5,1,1,4,7,8,5,4,6,4,9.0,4.0,10.0,14.0,9.0,5.0,4,6,0,0,6,4,0,0,2,2,2,2,http://www.khl.ru/game/309/45981/protocol/
85,08.09.2015,Сибирь,Йокерит,0:0 0:2 0:0,"Главные судьи: Михаил Бутурлин, Виктор Гашилов","Линейные судьи: Александр Захаренков, Александр Садовников",Тренер: Андрей Скабелка,Тренер: Эркка Вестерлунд,24.0,16.0,15.0,25.0,8.0,17.0,11,6,7,19,4,13,0.0,0.0,5,4,1,3,4,6,7,7,4,2,2,3,6.0,8.0,5.0,13.0,6.0,7.0,4,2,1,0,2,4,0,1,1,0,0,1,http://www.khl.ru/game/309/45983/protocol/
82,08.09.2015,Авангард,Ак Барс,0:0 0:1 2:1 0:0 0:1,"Главные судьи: Константин Оленин, Юрий Оскирко","Линейные судьи: Дмитрий Парфёнов, Александр Сысуев",Тренер: Евгений Корноухов,Тренер: Зинэтула Билялетдинов,17.0,11.0,18.0,19.0,21.0,15.0,8,6,10,11,11,9,2,3,3,7,4,6,3,6,10,8,4,3,1,3,6.0,4.0,10.0,10.0,9.0,9.0,4,1,1,0,1,4,0,1,2,1,1,2,http://www.khl.ru/game/309/45984/protocol/
73,06.09.2015,Сибирь,Спартак,2:1 0:0 0:0,"Главные судьи: Антонин Йерабек, Рафаэль Кадыров","Линейные судьи: Сергей Мисюрь, Яков Палей",Тренер: Андрей Скабелка,Тренер: Герман Титов,21.0,15.0,10.0,29.0,13.0,29.0,18,8,3,17,8,13,0.0,0.0,1,3,7,4,7,1,4,6,1,7,1,5,10.0,15.0,6.0,9.0,11.0,17.0,7,2,1,0,2,7,0,1,2,0,0,2,http://www.khl.ru/game/309/45972/protocol/
78,06.09.2015,ЦСКА,Трактор,0:0 2:0 1:0,"Главные судьи: Денис Наумов, Алексей Раводин","Линейные судьи: Алексей Михель, Евгений Стрельцов",Тренер: Дмитрий Квартальнов,Тренер: Андрей Николишин,30.0,11.0,22.0,14.0,24.0,10.0,14,7,13,4,11,4,0.0,0.0,3,8,3,6,2,4,5,5,4,5,2,2,11.0,12.0,15.0,10.0,12.0,11.0,8,8,2,0,8,8,0,2,0,0,0,0,http://www.khl.ru/game/309/45976/protocol/
76,06.09.2015,Слован,Медвешчак,0:1 0:0 3:1,"Главные судьи: Роман Гофман, Александр Соин","Линейные судьи: Дмитрий Голяк, Иван Дедюля",Тренер: Милош Ржига,Тренер: Горди Дуайер,13.0,18.0,26.0,14.0,19.0,10.0,8,9,16,6,15,5,0.0,0.0,6,4,5,3,5,0,1,1,2,2,1,0,5.0,12.0,9.0,7.0,12.0,7.0,6,6,1,1,6,6,1,1,1,1,1,1,http://www.khl.ru/game/309/45975/protocol/
77,06.09.2015,Торпедо,Витязь,0:0 1:0 0:0,"Главные судьи: Яков Деев, Ильдар Сафиуллов","Линейные судьи: Константин Горденко, Виктор Томилов",Тренер: Петерис Скудра,Тренер: Олег Ореховский,14.0,17.0,18.0,17.0,17.0,22.0,7,9,10,10,8,9,0.0,0.0,5,4,2,4,5,4,6,8,5,9,5,5,10.0,10.0,14.0,12.0,11.0,8.0,4,3,0,0,3,4,0,0,1,0,0,1,http://www.khl.ru/game/309/45977/protocol/
75,06.09.2015,Северсталь,Нефтехимик,0:2 1:1 0:1,"Главные судьи: Антти Боман, Максим Сидоренко","Линейные судьи: Иван Сазонов, Роман Шиханов",Тренер: Вацлав Сикора,Тренер: Владимир Крикунов,17.0,16.0,23.0,16.0,20.0,21.0,8,7,13,9,14,10,0.0,0.0,5,2,4,6,7,1,6,5,4,6,2,3,8.0,11.0,9.0,16.0,9.0,16.0,2,5,1,0,5,2,0,1,3,1,1,3,http://www.khl.ru/game/309/45974/protocol/
79,08.09.2015,Амур,СКА,0:0 0:2 0:1,"Главные судьи: Алексей Анисимов, Антонин Йерабек","Линейные судьи: Эдуард Метальников, Александр Сироткин",Тренер: Сергей Шепелев,Тренер: Андрей Назаров,18.0,12.0,16.0,18.0,14.0,15.0,11,9,12,12,9,9,0.0,0.0,2,2,5,4,2,2,5,7,5,6,4,3,11.0,11.0,12.0,10.0,8.0,12.0,3,5,0,0,5,3,0,0,3,0,0,3,http://www.khl.ru/game/309/45978/protocol/
80,08.09.2015,Адмирал,Спартак,1:1 1:0 2:0,"Главные судьи: Денис Бондарь, Андрей Рогачёв","Линейные судьи: Константин Горденко, Виктор Томилов",Тренер: Александр Андриевский,Тренер: Герман Титов,28.0,9.0,7.0,21.0,14.0,15.0,18,5,4,10,10,7,0.0,0.0,0,5,5,1,1,1,5,1,5,4,4,4,12.0,14.0,10.0,11.0,9.0,13.0,5,3,1,0,3,5,0,1,3,1,1,3,http://www.khl.ru/game/309/45979/protocol/
74,06.09.2015,Югра,Ак Барс,0:1 1:1 1:1,"Главные судьи: Владимир Букин, Роман Щенёв","Линейные судьи: Торнике Кучава, Никита Новиков",Тренер: Павел Езовских,Тренер: Зинэтула Билялетдинов,6.0,21.0,12.0,17.0,8.0,18.0,2,12,10,10,6,12,0.0,0.0,3,2,5,4,2,1,3,5,11,2,2,1,2.0,16.0,10.0,16.0,8.0,13.0,4,3,3,1,3,4,1,3,0,1,1,0,http://www.khl.ru/game/309/45973/protocol/
72,06.09.2015,Барыс,Локомотив,2:2 2:0 0:1,"Главные судьи: Сергей Беляев, Константин Оленин","Линейные судьи: Алексей Майтак, Евгений Пронских",Тренер: Ерлан Сагымбаев,Тренер: Алексей Кудашов,13.0,20.0,14.0,26.0,9.0,19.0,8,13,12,21,7,14,0.0,0.0,1,4,2,0,3,1,4,0,3,1,4,2,13.0,8.0,14.0,13.0,17.0,9.0,6,5,1,0,5,6,0,1,3,2,2,3,http://www.khl.ru/game/309/45971/protocol/
65,04.09.2015,Северсталь,Трактор,0:0 0:1 0:2,"Главные судьи: Денис Бондарь, Юрий Цыплаков","Линейные судьи: Пётр Алёшин, Никита Шалагин",Тренер: Вацлав Сикора,Тренер: Андрей Николишин,14.0,16.0,20.0,14.0,14.0,21.0,7,7,13,8,9,11,0.0,0.0,9,4,3,4,3,3,5,5,0,4,2,3,10.0,12.0,11.0,7.0,5.0,9.0,6,3,1,0,3,6,0,1,1,0,0,1,http://www.khl.ru/game/309/45964/protocol/
66,04.09.2015,Динамо Мск,Витязь,1:0 1:3 0:0,"Главные судьи: Александр Сергеев, Максим Сидоренко","Линейные судьи: Иван Сазонов, Дмитрий Шишло",Тренер: Харийс Витолиньш,Тренер: Олег Ореховский,17.0,17.0,26.0,14.0,19.0,10.0,5,5,12,9,8,4,0.0,0.0,7,7,2,5,4,7,6,3,3,4,6,1,8.0,10.0,7.0,11.0,9.0,10.0,3,2,1,0,2,3,0,1,2,1,1,2,http://www.khl.ru/game/309/45965/protocol/
69,05.09.2015,Металлург Мг,Авангард,0:1 1:1 1:0 0:0 1:0,"Главные судьи: Вячеслав Буланов, Сергей Гусев","Линейные судьи: Дмитрий Головлёв, Сергей Шелянин",Тренер: Майк Кинэн,Тренер: Евгений Корноухов,18.0,12.0,21.0,13.0,25.0,15.0,10,6,13,8,15,7,4,1,3,4,1,8,3,4,12,10,7,9,8,10,9.0,8.0,9.0,8.0,8.0,8.0,2,3,1,1,3,2,1,1,1,1,1,1,http://www.khl.ru/game/309/45968/protocol/
67,04.09.2015,ЦСКА,Нефтехимик,2:0 0:0 2:1,"Главные судьи: Антонин Йерабек, Павел Комаров","Линейные судьи: Дмитрий Голяк, Иван Дедюля",Тренер: Дмитрий Квартальнов,Тренер: Владимир Крикунов,23.0,14.0,16.0,12.0,21.0,6.0,14,6,11,5,13,5,0.0,0.0,4,5,2,2,0,2,11,16,6,10,1,8,13.0,13.0,12.0,13.0,12.0,9.0,6,4,2,0,4,6,0,2,1,1,1,1,http://www.khl.ru/game/309/45966/protocol/
70,06.09.2015,Металлург Нк,СКА,2:1 1:0 1:2,"Главные судьи: Михаил Бутурлин, Виктор Гашилов","Линейные судьи: Александр Захаренков, Александр Садовников",Тренер: Николай Соловьёв,Тренер: Андрей Назаров,18.0,19.0,25.0,25.0,20.0,28.0,12,5,12,11,12,19,0.0,0.0,4,2,6,7,5,4,3,5,6,6,7,6,7.0,10.0,8.0,12.0,16.0,14.0,4,3,2,1,3,4,1,2,2,2,2,2,http://www.khl.ru/game/309/45969/protocol/
71,06.09.2015,Автомобилист,Лада,1:0 1:1 2:0,"Главные судьи: Владислав Киселёв, Эдуард Ибатулин","Линейные судьи: Никита Вилюгин, Антон Понамаренко",Тренер: Андрей Разин,Тренер: Сергей Светлов,17.0,10.0,31.0,7.0,13.0,10.0,9,5,16,3,8,5,0.0,0.0,2,2,3,7,3,2,5,6,6,4,9,4,7.0,10.0,17.0,9.0,9.0,11.0,4,1,1,0,1,4,0,1,3,1,1,3,http://www.khl.ru/game/309/45970/protocol/
68,05.09.2015,Амур,Адмирал,2:1 0:2 0:1,"Главные судьи: Алексей Анисимов, Сергей Кулаков","Линейные судьи: Эдуард Метальников, Александр Сироткин",Тренер: Сергей Шепелев,Тренер: Александр Андриевский,18.0,15.0,10.0,16.0,20.0,10.0,11,10,3,11,11,5,0.0,0.0,1,2,1,3,3,2,3,5,4,4,5,3,9.0,12.0,9.0,10.0,10.0,6.0,1,4,0,0,4,1,0,0,4,2,2,4,http://www.khl.ru/game/309/45967/protocol/
59,03.09.2015,Локомотив,ХК Сочи,2:0 1:0 0:0,"Главные судьи: Эдуард Одиньш, Сергей Гусев","Линейные судьи: Александр Сысуев, Дмитрий Парфёнов",Тренер: Алексей Кудашов,Тренер: Вячеслав Буцаев,17.0,19.0,24.0,17.0,11.0,18.0,11,12,12,8,8,9,0.0,0.0,3,4,4,4,6,1,8,6,3,3,3,3,14.0,3.0,9.0,6.0,12.0,8.0,4,4,1,0,4,4,0,1,2,0,0,2,http://www.khl.ru/game/309/45958/protocol/
58,03.09.2015,Салават Юлаев,Авангард,0:2 2:0 0:1,"Главные судьи: Роман Гофман, Антонин Йерабек","Линейные судьи: Александр Отмахов, Станислав Раминг",Тренер: Анатолий Емелин,Тренер: Евгений Корноухов,9.0,20.0,28.0,21.0,20.0,8.0,5,12,14,8,12,3,0.0,0.0,4,3,4,5,4,3,8,5,5,4,3,5,11.0,11.0,5.0,9.0,11.0,7.0,3,7,1,1,7,3,1,1,2,1,1,2,http://www.khl.ru/game/309/45957/protocol/
63,04.09.2015,Сибирь,СКА,2:1 1:0 2:1,"Главные судьи: Михаил Бутурлин, Константин Оленин","Линейные судьи: Сергей Мисюрь, Яков Палей",Тренер: Андрей Скабелка,Тренер: Андрей Назаров,25.0,17.0,14.0,30.0,8.0,36.0,16,6,6,14,6,22,0.0,0.0,8,8,5,4,5,0,1,6,1,6,4,4,10.0,12.0,12.0,12.0,14.0,19.0,4,6,2,0,6,4,0,2,3,2,2,3,http://www.khl.ru/game/309/45962/protocol/
60,03.09.2015,Медвешчак,Динамо Р,0:0 1:0 0:1 1:0,"Главные судьи: Сергей Кулаков, Денис Наумов","Линейные судьи: Александр Захаренков, Александр Садовников",Тренер: Горди Дуайер,Тренер: Кари Хейккиля,6.0,18.0,16.0,21.0,18.0,19.0,4,7,8,6,11,8,2,1,3,2,7,1,3,2,4,6,1,5,6,3,10.0,2.0,12.0,7.0,4.0,6.0,3,5,2,0,5,3,0,2,0,1,1,0,http://www.khl.ru/game/309/45959/protocol/
57,03.09.2015,Металлург Мг,Барыс,0:2 2:0 0:0 0:0 1:0,"Главные судьи: Алексей Анисимов, Антти Боман","Линейные судьи: Глеб Лазарев, Роман Шиханов",Тренер: Майк Кинэн,Тренер: Ерлан Сагымбаев,19.0,20.0,21.0,10.0,23.0,20.0,10,10,17,5,15,8,4,2,3,1,3,4,5,3,9,3,8,3,5,2,13.0,11.0,14.0,7.0,9.0,14.0,5,4,1,0,4,5,0,1,1,2,2,1,http://www.khl.ru/game/309/45956/protocol/
64,04.09.2015,Югра,Лада,0:1 2:1 0:0 1:0,"Главные судьи: Владимир Букин, Александр Соин","Линейные судьи: Торнике Кучава, Никита Новиков",Тренер: Павел Езовских,Тренер: Сергей Светлов,16.0,18.0,15.0,20.0,18.0,12.0,5,11,8,15,10,7,2,1,3,4,2,1,1,3,6,11,13,9,1,0,5.0,7.0,12.0,11.0,11.0,7.0,2,2,1,0,2,2,0,1,2,1,1,2,http://www.khl.ru/game/309/45963/protocol/
61,04.09.2015,Металлург Нк,Спартак,1:1 0:0 1:0,"Главные судьи: Виктор Гашилов, Ильдар Сафиуллов","Линейные судьи: Никита Вилюгин, Андрей Матюша",Тренер: Николай Соловьёв,Тренер: Герман Титов,14.0,13.0,21.0,21.0,20.0,29.0,7,9,11,9,11,16,0.0,0.0,3,2,6,3,7,3,8,7,3,6,6,5,8.0,8.0,10.0,11.0,11.0,9.0,2,4,0,0,4,2,0,0,2,1,1,2,http://www.khl.ru/game/309/45960/protocol/
62,04.09.2015,Автомобилист,Ак Барс,2:1 3:0 0:2,"Главные судьи: Алексей Раводин, Алексей Васильев","Линейные судьи: Максим Берсенёв, Евгений Юдин",Тренер: Андрей Разин,Тренер: Зинэтула Билялетдинов,14.0,13.0,18.0,17.0,7.0,27.0,9,9,10,11,6,13,0.0,0.0,2,1,4,2,5,0,6,12,3,9,5,7,9.0,11.0,13.0,15.0,7.0,13.0,4,4,1,1,4,4,1,1,4,2,2,4,http://www.khl.ru/game/309/45961/protocol/
54,01.09.2015,Медвешчак,Металлург Нк,2:1 0:1 1:1 0:0 1:0,"Главные судьи: Сергей Кулаков, Андрей Рогачёв","Линейные судьи: Торнике Кучава, Никита Новиков",Тренер: Горди Дуайер,Тренер: Николай Соловьёв,17.0,11.0,15.0,16.0,15.0,20.0,13,6,9,11,7,8,6,0,2,3,3,3,6,0,2,5,3,2,3,2,11.0,9.0,15.0,12.0,13.0,8.0,4,4,0,0,4,4,0,0,3,2,2,3,http://www.khl.ru/game/309/45953/protocol/
49,01.09.2015,Нефтехимик,Авангард,0:0 0:3 1:1,"Главные судьи: Денис Бондарь, Владимир Букин","Линейные судьи: Дмитрий Сивов, Иван Назаров",Тренер: Владимир Крикунов,Тренер: Евгений Корноухов,19.0,21.0,7.0,29.0,21.0,16.0,10,9,3,12,7,11,0.0,0.0,3,4,5,1,1,5,6,2,6,3,5,3,8.0,11.0,11.0,7.0,11.0,7.0,6,2,2,0,2,6,0,2,2,1,1,2,http://www.khl.ru/game/309/45948/protocol/
52,01.09.2015,Слован,Сибирь,0:0 2:2 0:1,"Главные судьи: Яков Деев, Денис Наумов","Линейные судьи: Александр Захаренков, Александр Садовников",Тренер: Милош Ржига,Тренер: Андрей Скабелка,20.0,14.0,25.0,12.0,15.0,17.0,10,8,15,8,8,10,0.0,0.0,5,8,3,4,1,4,1,2,4,1,3,0,13.0,3.0,10.0,9.0,2.0,10.0,0,2,0,0,2,0,0,0,2,2,2,2,http://www.khl.ru/game/309/45949/protocol/
53,01.09.2015,ЦСКА,Динамо Р,1:0 2:0 2:0,"Главные судьи: Антти Боман, Максим Сидоренко","Линейные судьи: Глеб Лазарев, Роман Шиханов",Тренер: Дмитрий Квартальнов,Тренер: Кари Хейккиля,20.0,14.0,27.0,12.0,26.0,8.0,13,9,19,6,13,2,0.0,0.0,3,4,4,3,3,6,9,6,6,5,5,3,4.0,11.0,11.0,10.0,11.0,8.0,5,2,1,0,2,5,0,1,4,0,0,4,http://www.khl.ru/game/309/45951/protocol/
51,01.09.2015,Динамо Мск,Адмирал,0:3 2:0 1:0 0:0 0:1,"Главные судьи: Роман Гофман, Сергей Гусев","Линейные судьи: Алексей Михель, Евгений Стрельцов",Тренер: Харийс Витолиньш,Тренер: Александр Андриевский,28.0,20.0,24.0,17.0,25.0,12.0,17,10,13,8,9,7,3,1,6,7,8,8,0,10,1,10,8,3,2,3,11.0,16.0,19.0,2.0,10.0,9.0,3,6,1,0,6,3,0,1,2,3,3,2,http://www.khl.ru/game/309/45950/protocol/
55,02.09.2015,Северсталь,Торпедо,2:1 0:2 1:0 0:0 1:0,"Главные судьи: Сергей Беляев, Роман Щенёв","Линейные судьи: Юрий Иванов, Александр Нестеров",Тренер: Вацлав Сикора,Тренер: Петерис Скудра,20.0,15.0,11.0,17.0,10.0,15.0,11,9,3,11,7,10,1,0,3,4,5,3,2,1,4,7,7,4,4,1,15.0,9.0,13.0,9.0,7.0,7.0,5,6,2,2,6,5,2,2,0,0,0,0,http://www.khl.ru/game/309/45954/protocol/
56,02.09.2015,Йокерит,Динамо Мн,0:0 0:0 0:1,"Главные судьи: Вячеслав Буланов, Юрий Оскирко","Линейные судьи: Степан Коршак, Александр Чернышёв",Тренер: Эркка Вестерлунд,Тренер: Любомир Покович,18.0,19.0,21.0,11.0,26.0,20.0,10,8,13,9,16,9,0.0,0.0,1,3,0,2,1,2,4,3,4,1,2,4,5.0,10.0,11.0,9.0,11.0,6.0,3,4,0,0,4,3,0,0,1,0,0,1,http://www.khl.ru/game/309/45955/protocol/
50,01.09.2015,Витязь,Амур,0:0 2:1 0:0,"Главные судьи: Антонин Йерабек, Владислав Киселёв","Линейные судьи: Дмитрий Парфёнов, Александр Сысуев",Тренер: Олег Ореховский,Тренер: Сергей Шепелев,12.0,22.0,14.0,21.0,5.0,28.0,7,10,9,5,2,11,0.0,0.0,5,4,10,3,7,5,2,0,3,0,0,1,8.0,7.0,7.0,9.0,12.0,7.0,3,6,1,0,6,3,0,1,1,1,1,1,http://www.khl.ru/game/309/45952/protocol/
41,30.08.2015,Медвешчак,Сибирь,2:0 1:2 1:0,"Главные судьи: Владимир Букин, Андрей Рогачёв","Линейные судьи: Торнике Кучава, Никита Новиков",Тренер: Горди Дуайер,Тренер: Андрей Скабелка,16.0,24.0,19.0,22.0,15.0,9.0,10,18,9,14,10,6,0.0,0.0,1,2,3,4,0,2,8,3,6,3,6,3,17.0,4.0,12.0,9.0,7.0,7.0,4,3,1,0,3,4,0,1,4,1,1,4,http://www.khl.ru/game/309/45940/protocol/
44,31.08.2015,Спартак,Торпедо,1:0 1:4 0:1,"Главные судьи: Алексей Анисимов, Антонин Йерабек","Линейные судьи: Дмитрий Головлёв, Андрей Матюша",Тренер: Герман Титов,Тренер: Петерис Скудра,19.0,14.0,13.0,20.0,16.0,3.0,12,9,6,10,9,2,0.0,0.0,2,2,6,4,0,3,11,9,9,5,8,7,8.0,6.0,18.0,6.0,5.0,8.0,5,4,1,0,4,5,0,1,4,1,1,4,http://www.khl.ru/game/309/45943/protocol/
42,31.08.2015,Лада,Ак Барс,0:2 0:2 1:0,"Главные судьи: Михаил Бутурлин, Павел Овчинников","Линейные судьи: Евгений Стрельцов, Дмитрий Шишло",Тренер: Сергей Светлов,Тренер: Зинэтула Билялетдинов,15.0,28.0,20.0,19.0,26.0,9.0,9,15,13,10,13,4,0.0,0.0,6,1,5,1,1,3,13,15,9,9,5,9,11.0,15.0,7.0,17.0,12.0,8.0,4,6,1,0,6,4,0,1,3,1,1,3,http://www.khl.ru/game/309/45941/protocol/
47,01.09.2015,Салават Юлаев,Автомобилист,1:2 1:1 2:2,"Главные судьи: Эдуард Одиньш, Александр Сергеев","Линейные судьи: Сергей Мисюрь, Яков Палей",Тренер: Анатолий Емелин,Тренер: Андрей Разин,13.0,18.0,15.0,12.0,23.0,11.0,7,9,8,3,13,8,0.0,0.0,4,5,0,5,1,7,5,10,9,12,5,2,13.0,9.0,9.0,7.0,20.0,5.0,2,3,2,0,3,2,0,2,3,4,4,3,http://www.khl.ru/game/309/45947/protocol/
48,01.09.2015,Трактор,Барыс,1:0 1:0 0:1,"Главные судьи: Виктор Гашилов, Алексей Белов","Линейные судьи: Александр Отмахов, Станислав Раминг",Тренер: Андрей Николишин,Тренер: Ерлан Сагымбаев,27.0,13.0,16.0,12.0,23.0,13.0,14,5,11,9,10,8,0.0,0.0,4,3,2,2,4,6,2,5,7,2,4,4,8.0,8.0,8.0,12.0,12.0,7.0,2,3,1,0,3,2,0,1,2,0,0,2,http://www.khl.ru/game/309/45945/protocol/
46,01.09.2015,Металлург Мг,Югра,1:0 2:1 3:1,"Главные судьи: Эдуард Ибатулин, Рафаэль Кадыров","Линейные судьи: Максим Берсенёв, Евгений Юдин",Тренер: Майк Кинэн,Тренер: Павел Езовских,18.0,17.0,26.0,7.0,25.0,15.0,11,11,13,6,18,11,0.0,0.0,5,2,3,5,2,3,13,8,6,14,11,5,19.0,6.0,9.0,10.0,17.0,8.0,5,4,1,0,4,5,0,1,5,2,2,5,http://www.khl.ru/game/309/45946/protocol/
43,31.08.2015,Северсталь,СКА,0:1 0:0 0:2,"Главные судьи: Вячеслав Буланов, Константин Оленин","Линейные судьи: Дмитрий Голяк, Иван Дедюля",Тренер: Вацлав Сикора,Тренер: Андрей Назаров,8.0,21.0,16.0,20.0,15.0,21.0,4,9,5,12,9,10,0.0,0.0,8,2,4,4,0,1,5,6,2,2,8,5,11.0,9.0,11.0,8.0,8.0,11.0,5,3,1,0,3,5,0,1,2,0,0,2,http://www.khl.ru/game/309/45942/protocol/
45,31.08.2015,ХК Сочи,Локомотив,1:1 0:0 1:0,"Главные судьи: Алексей Раводин, Юрий Цыплаков","Линейные судьи: Александр Нестеров, Иван Сазонов",Тренер: Вячеслав Буцаев,Тренер: Алексей Кудашов,18.0,10.0,18.0,13.0,16.0,22.0,13,6,4,6,10,13,0.0,0.0,2,0,3,6,5,2,5,4,3,4,6,3,11.0,10.0,8.0,7.0,14.0,13.0,4,6,1,1,6,4,1,1,1,0,0,1,http://www.khl.ru/game/309/45944/protocol/
34,30.08.2015,Салават Юлаев,Югра,3:0 1:2 0:0,"Главные судьи: Алексей Васильев, Сергей Гусев","Линейные судьи: Пётр Алёшин, Юрий Иванов",Тренер: Анатолий Емелин,Тренер: Павел Езовских,20.0,9.0,19.0,15.0,10.0,22.0,12,5,9,9,6,12,0.0,0.0,4,5,3,5,3,3,4,8,3,6,3,8,11.0,11.0,13.0,8.0,8.0,10.0,5,5,1,0,5,5,0,1,3,1,1,3,http://www.khl.ru/game/309/45934/protocol/
39,30.08.2015,Динамо Мск,Амур,3:0 4:1 0:1,"Главные судьи: Алексей Белов, Павел Комаров","Линейные судьи: Дмитрий Головлёв, Андрей Матюша",Тренер: Харийс Витолиньш,Тренер: Сергей Шепелев,22.0,8.0,23.0,13.0,9.0,14.0,12,6,11,9,6,5,0.0,0.0,2,6,1,8,8,2,2,6,1,2,2,0,5.0,9.0,14.0,6.0,7.0,5.0,3,6,1,0,6,3,0,1,7,1,1,7,http://www.khl.ru/game/309/45939/protocol/
36,30.08.2015,Нефтехимик,Барыс,0:0 3:0 2:2,"Главные судьи: Артур Кулёв, Александр Соин","Линейные судьи: Антон Понамаренко, Алексей Михель",Тренер: Владимир Крикунов,Тренер: Ерлан Сагымбаев,24.0,21.0,28.0,17.0,24.0,25.0,8,10,13,11,12,17,0.0,0.0,6,2,2,6,3,5,10,5,5,10,7,3,10.0,12.0,16.0,8.0,17.0,8.0,6,6,3,1,6,6,1,3,2,1,1,2,http://www.khl.ru/game/309/45935/protocol/
40,30.08.2015,Слован,Металлург Нк,3:0 1:0 2:0,"Главные судьи: Владислав Киселёв, Яков Деев","Линейные судьи: Александр Захаренков, Александр Садовников",Тренер: Милош Ржига,Тренер: Николай Соловьёв,21.0,10.0,20.0,13.0,16.0,11.0,16,4,13,7,12,6,0.0,0.0,5,4,4,4,5,1,3,2,0,0,1,1,9.0,9.0,7.0,9.0,11.0,11.0,5,6,1,0,6,5,0,1,5,0,0,5,http://www.khl.ru/game/309/45938/protocol/
37,30.08.2015,Витязь,Адмирал,2:1 0:2 2:1 1:0,"Главные судьи: Виктор Гашилов, Антон Лаврентьев","Линейные судьи: Иван Назаров, Никита Шалагин",Тренер: Олег Ореховский,Тренер: Александр Андриевский,22.0,24.0,23.0,24.0,25.0,18.0,16,15,13,12,12,15,1,0,2,6,6,5,1,3,4,1,4,2,0,1,12.0,8.0,11.0,10.0,10.0,11.0,3,2,1,0,2,3,0,1,3,4,4,3,http://www.khl.ru/game/309/45936/protocol/
38,30.08.2015,Динамо Мн,Динамо Р,0:0 0:2 0:2,"Главные судьи: Денис Бондарь, Евгений Гамалей","Линейные судьи: Дмитрий Сивов, Сергей Шелянин",Тренер: Любомир Покович,Тренер: Кари Хейккиля,19.0,25.0,19.0,16.0,25.0,13.0,9,11,11,8,12,5,0.0,0.0,5,2,3,0,2,2,1,2,9,4,5,2,9.0,10.0,15.0,6.0,10.0,5.0,3,3,0,0,3,3,0,0,4,0,0,4,http://www.khl.ru/game/309/45937/protocol/
33,30.08.2015,Металлург Мг,Автомобилист,0:2 1:0 0:0,"Главные судьи: Ильдар Сафиуллов, Роман Щенёв","Линейные судьи: Алексей Майтак, Евгений Пронских",Тренер: Майк Кинэн,Тренер: Андрей Разин,11.0,13.0,15.0,12.0,16.0,8.0,7,5,8,5,8,4,0.0,0.0,4,5,2,5,4,4,12,8,6,7,8,1,6.0,9.0,10.0,11.0,9.0,7.0,5,3,0,0,3,5,0,0,1,1,1,1,http://www.khl.ru/game/309/45933/protocol/
35,30.08.2015,Трактор,Авангард,1:2 0:0 0:0,"Главные судьи: Эдуард Одиньш, Александр Сергеев","Линейные судьи: Виктор Томилов, Константин Горденко",Тренер: Андрей Николишин,Тренер: Евгений Корноухов,18.0,15.0,14.0,19.0,8.0,18.0,11,12,9,12,4,11,0.0,0.0,2,5,4,2,6,5,5,2,2,4,5,6,13.0,8.0,7.0,11.0,6.0,12.0,3,3,1,0,3,3,0,1,1,1,1,1,http://www.khl.ru/game/309/45932/protocol/
10,26.08.2015,Нефтехимик,Югра,1:0 0:0 1:1,"Главные судьи: Виктор Гашилов, Павел Овчинников","Линейные судьи: Торнике Кучава, Евгений П. Литвинов",Тренер: Владимир Крикунов,Тренер: Павел Езовских,20.0,19.0,24.0,15.0,13.0,17.0,14,11,18,11,6,11,0.0,0.0,5,5,2,4,3,5,8,10,6,7,6,3,13.0,7.0,12.0,14.0,11.0,10.0,3,2,1,0,2,3,0,1,2,0,0,2,http://www.khl.ru/game/309/45909/protocol/
15,27.08.2015,Авангард,Металлург Мг,0:2 2:0 1:1 0:0 0:1,"Главные судьи: Денис Наумов, Александр Соин","Линейные судьи: Эдуард Метальников, Александр Сироткин",Тренер: Евгений Корноухов,Тренер: Майк Кинэн,14.0,11.0,13.0,20.0,6.0,14.0,12,5,9,10,4,7,1,3,2,2,8,2,3,0,8,9,7,8,8,4,6.0,6.0,9.0,9.0,9.0,11.0,4,2,2,0,2,4,0,2,3,1,1,3,http://www.khl.ru/game/309/45914/protocol/
11,26.08.2015,Витязь,Металлург Нк,0:1 1:0 0:0 0:0 1:0,"Главные судьи: Рафаэль Кадыров, Артур Кулёв","Линейные судьи: Никита Новиков, Дмитрий Шишло",Тренер: Олег Ореховский,Тренер: Николай Соловьёв,10.0,18.0,21.0,17.0,23.0,17.0,6,12,17,7,8,11,0,2,2,2,3,2,3,5,8,3,1,4,4,0,13.0,7.0,16.0,15.0,14.0,15.0,4,6,1,0,6,4,0,1,0,1,1,0,http://www.khl.ru/game/309/45910/protocol/
12,26.08.2015,Динамо Мск,Сибирь,1:1 2:1 0:1 1:0,"Главные судьи: Юрий Цыплаков, Эдуард Одиньш","Линейные судьи: Роман Шиханов, Никита Шалагин",Тренер: Харийс Витолиньш,Тренер: Андрей Скабелка,12.0,16.0,16.0,18.0,19.0,25.0,7,9,8,10,8,13,2,1,4,5,7,8,7,7,2,6,5,3,1,2,12.0,5.0,15.0,8.0,14.0,8.0,4,5,1,0,5,4,0,1,2,2,2,2,http://www.khl.ru/game/309/45912/protocol/
16,27.08.2015,Барыс,Салават Юлаев,1:1 2:1 2:1,"Главные судьи: Михаил Бутурлин, Алексей Раводин","Линейные судьи: Иван Назаров, Иван Сазонов",Тренер: Ерлан Сагымбаев,Тренер: Анатолий Емелин,20.0,13.0,15.0,16.0,12.0,14.0,9,10,7,7,10,7,0.0,0.0,1,3,4,2,4,1,7,6,3,2,6,1,11.0,10.0,11.0,8.0,8.0,12.0,6,6,1,1,6,6,1,1,3,2,2,3,http://www.khl.ru/game/309/45915/protocol/
13,26.08.2015,Слован,Адмирал,0:1 1:1 0:1,"Главные судьи: Вячеслав Буланов, Владимир Букин","Линейные судьи: Алексей Майтак, Евгений Пронских",Тренер: Милош Ржига,Тренер: Александр Андриевский,23.0,19.0,20.0,28.0,21.0,6.0,11,12,9,11,11,4,0.0,0.0,4,5,3,6,1,2,0,3,1,2,2,2,13.0,7.0,16.0,4.0,11.0,8.0,5,6,1,0,6,5,0,1,2,1,1,2,http://www.khl.ru/game/309/45911/protocol/
14,26.08.2015,Медвешчак,Амур,0:0 2:2 0:0 0:0 0:1,"Главные судьи: Владислав Киселёв, Константин Оленин","Линейные судьи: Константин Горденко, Виктор Томилов",Тренер: Горди Дуайер,Тренер: Сергей Шепелев,15.0,14.0,12.0,16.0,14.0,17.0,8,9,6,11,7,9,3,1,1,3,3,2,4,1,8,5,6,5,6,4,9.0,4.0,11.0,10.0,10.0,7.0,3,2,1,0,2,3,0,1,1,2,2,1,http://www.khl.ru/game/309/45913/protocol/
17,27.08.2015,Йокерит,Торпедо,1:0 1:1 3:0,"Главные судьи: Алексей Васильев, Алексей Белов","Линейные судьи: Сергей Шелянин, Дмитрий Сивов",Тренер: Эркка Вестерлунд,Тренер: Петерис Скудра,11.0,15.0,7.0,17.0,16.0,11.0,8,8,4,9,13,4,0.0,0.0,1,0,1,1,1,0,3,3,3,2,2,4,7.0,14.0,7.0,10.0,8.0,10.0,3,2,2,1,2,3,1,2,2,0,0,2,http://www.khl.ru/game/309/45916/protocol/
5,25.08.2015,Спартак,Динамо Мн,1:0 0:1 2:2 1:0,"Главные судьи: Рафаэль Кадыров, Эдуард Одиньш","Линейные судьи: Роман Шиханов, Никита Новиков",Тренер: Герман Титов,Тренер: Любомир Покович,17.0,15.0,12.0,23.0,26.0,16.0,8,10,3,12,16,11,2,0,0,0,2,7,2,2,14,14,9,8,1,1,4.0,9.0,9.0,12.0,11.0,19.0,4,2,0,0,2,4,0,0,3,3,3,3,http://www.khl.ru/game/309/45903/protocol/
3,25.08.2015,Барыс,Металлург Мг,1:0 0:0 0:2,"Главные судьи: Евгений Гамалей, Алексей Раводин","Линейные судьи: Иван Назаров, Иван Сазонов",Тренер: Ерлан Сагымбаев,Тренер: Майк Кинэн,21.0,20.0,8.0,31.0,9.0,21.0,13,13,5,20,4,8,0.0,0.0,3,2,2,2,3,5,4,5,4,8,2,3,10.0,9.0,8.0,8.0,9.0,12.0,2,2,0,0,2,2,0,0,2,0,0,2,http://www.khl.ru/game/309/45902/protocol/
2,25.08.2015,Авангард,Салават Юлаев,0:1 3:0 1:1,"Главные судьи: Алексей Анисимов, Алексей Белов","Линейные судьи: Александр Захаренков, Александр Садовников",Тренер: Евгений Корноухов,Тренер: Анатолий Емелин,19.0,8.0,18.0,12.0,7.0,12.0,12,2,8,6,5,5,0.0,0.0,3,4,3,3,4,1,6,7,5,4,5,2,5.0,9.0,12.0,13.0,7.0,10.0,7,8,2,1,8,7,1,2,1,0,0,1,http://www.khl.ru/game/309/45901/protocol/
9,26.08.2015,Трактор,Автомобилист,0:0 0:0 1:1 0:0 1:0,"Главные судьи: Яков Деев, Андрей Рогачёв","Линейные судьи: Яков Палей, Антон Понамаренко",Тренер: Андрей Николишин,Тренер: Олег Леонтьев,24.0,8.0,22.0,21.0,18.0,15.0,11,6,12,11,6,11,2,0,3,4,6,3,3,7,10,7,2,1,2,2,11.0,11.0,13.0,9.0,11.0,6.0,5,5,1,0,5,5,0,1,1,0,0,1,http://www.khl.ru/game/309/45908/protocol/
6,25.08.2015,Торпедо,Локомотив,1:0 0:1 1:1 0:0 1:0,"Главные судьи: Сергей Гусев, Денис Наумов","Линейные судьи: Эдуард Метальников, Александр Сироткин",Тренер: Петерис Скудра,Тренер: Алексей Кудашов,9.0,24.0,16.0,21.0,13.0,16.0,6,12,7,14,6,9,4,0,4,1,4,4,3,4,11,9,13,14,11,4,10.0,14.0,10.0,12.0,16.0,7.0,4,5,1,0,5,4,0,1,1,2,2,1,http://www.khl.ru/game/309/45904/protocol/
4,25.08.2015,Йокерит,Северсталь,0:0 2:1 1:1,"Главные судьи: Алексей Васильев, Александр Соин","Линейные судьи: Сергей Шелянин, Дмитрий Сивов",Тренер: Эркка Вестерлунд,Тренер: Вацлав Сикора,22.0,17.0,16.0,23.0,18,14,8,8,9,13,6,17,0.0,0.0,3,3,1,0,4,2,5,3,4,3,1,3,15.0,10.0,8.0,12.0,11,13,5,5,1,1,5,5,1,1,2,1,1,2,http://www.khl.ru/game/309/45905/protocol/
7,25.08.2015,ХК Сочи,Лада,0:0 1:0 3:2,"Главные судьи: Павел Комаров, Сергей Кулаков","Линейные судьи: Алексей Михель, Евгений Стрельцов",Тренер: Вячеслав Буцаев,Тренер: Сергей Светлов,19.0,12.0,25.0,8.0,18.0,10.0,10,7,14,5,11,4,0.0,0.0,0,6,0,7,1,3,4,3,6,4,1,5,12.0,6.0,9.0,6.0,6.0,14.0,3,2,1,0,2,3,0,1,3,2,2,3,http://www.khl.ru/game/309/45906/protocol/
8,25.08.2015,Динамо Р,Ак Барс,0:0 1:1 2:0,"Главные судьи: Роман Гофман, Юрий Оскирко","Линейные судьи: Степан Коршак, Александр Чернышёв",Тренер: Кари Хейккиля,Тренер: Зинэтула Билялетдинов,18.0,13.0,9.0,26.0,13.0,19.0,11,6,4,15,6,10,0.0,0.0,4,6,5,2,4,2,5,7,2,2,4,1,6.0,6.0,11.0,8.0,5.0,17.0,6,1,0,0,1,6,0,0,2,1,1,2,http://www.khl.ru/game/309/45907/protocol/
1,24.08.2015,СКА,ЦСКА,0:0 2:2 1:1 0:1,"Главные судьи: Вячеслав Буланов, Константин Оленин","Линейные судьи: Дмитрий Сивов, Сергей Шелянин",Тренер: Андрей Назаров,Тренер: Дмитрий Квартальнов,12.0,22.0,9.0,30.0,15.0,13.0,11,10,6,14,9,5,0,2,6,1,6,1,6,2,7,5,7,6,13,5,11.0,8.0,8.0,11.0,9.0,12.0,5,3,2,1,3,5,1,2,1,1,1,1,http://www.khl.ru/game/309/45900/protocol/
